I
1130 Generated by WorldEditor 2.0.0r4

1     62 1 0 TAPA Antigua - V C Bird Intl
1302 city St. George
1302 country Antigua and Barbuda
1302 datum_lat 17.136708333
1302 datum_lon -61.792680556
1302 faa_code 
1302 iata_code ANU
1302 icao_code TAPA
1302 region_code TA
1302 state Saint George
1302 transition_alt 2500
1302 transition_level 4000
100 45.11 1 0 0.25 0 3 0 07  17.12882014 -061.80607368  500   15 3 3 0 0 25  17.14319603 -061.78172879  300    0 3 0 0 0
110 2 0.00 330.0000 New Taxiway 58
111  17.14272428 -061.78212916
111  17.14304717 -061.78157771
111  17.14346046 -061.78184262
111  17.14351212 -061.78190479
111  17.14355345 -061.78197778
111  17.14355862 -061.78204806
111  17.14355604 -061.78212105
111  17.14351471 -061.78219403
111  17.14346563 -061.78227513
111  17.14341397 -061.78232379
111  17.14337522 -061.78234000
111  17.14329514 -061.78236163
111  17.14320732 -061.78237515
111  17.14312983 -061.78237244
113  17.14307817 -061.78234541
110 1 0.00 330.0000 New Taxiway 57
111  17.14262354 -061.78218322
111  17.14313241 -061.78132632
111  17.14358703 -061.78161015
111  17.14349404 -061.78176693
111  17.14351212 -061.78177775
111  17.14356637 -061.78185884
111  17.14360511 -061.78194534
111  17.14361803 -061.78204806
111  17.14361028 -061.78215078
111  17.14356895 -061.78224539
111  17.14351729 -061.78232919
111  17.14346305 -061.78238325
111  17.14340622 -061.78242110
111  17.14327448 -061.78246165
111  17.14320474 -061.78246435
111  17.14309625 -061.78245894
113  17.14302909 -061.78244002
110 2 0.00 330.0000 New Taxiway 27
111  17.12901397 -061.80613560
111  17.12830320 -061.80567440
111  17.12882774 -061.80479424
111  17.12918157 -061.80458962
113  17.12972474 -061.80493390
110 1 0.00 330.0000 New Taxiway 26
111  17.12882548 -061.80632976
111  17.12808057 -061.80585882
111  17.12876651 -061.80471883
111  17.12970075 -061.80417319
111  17.13005148 -061.80439404
114  17.12888642 -061.80636609  17.12888652 -061.80636589
110 1 0.00 330.0000 New Taxiway 22
111  17.13114223 -061.80177171
111  17.13089703 -061.80161256
111  17.13088462 -061.80150538
111  17.13109568 -061.80114162
111  17.13155193 -061.80090128
113  17.13165436 -061.80090128
110 1 0.00 330.0000 New Taxiway 21
111  17.13300880 -061.80007690
111  17.13294470 -061.80014078
111  17.13286856 -061.80019399
111  17.13278133 -061.80021303
111  17.13269441 -061.80022029
111  17.13263184 -061.80020158
111  17.13258715 -061.80018287
111  17.13254939 -061.80015690
111  17.13252011 -061.80012675
111  17.13289418 -061.79950441
111  17.13294813 -061.79955460
111  17.13300281 -061.79963099
111  17.13304040 -061.79973087
111  17.13306243 -061.79985556
113  17.13304303 -061.79999112
110 2 0.00 330.0000 New Taxiway 17
111  17.13768985 -061.79478355
111  17.13758381 -061.79479979
111  17.13734326 -061.79464551
111  17.13753208 -061.79429906
113  17.13785539 -061.79449665
110 1 0.00 58.0000 east ramp asphalt
111  17.14030762 -061.79075013
111  17.13969722 -061.79033786
111  17.14099003 -061.78807584
113  17.14159015 -061.78857250
110 1 0.00 58.0000 G shoulder 3
111  17.13733231 -061.79466746
111  17.13705287 -061.79449421
111  17.13732371 -061.79402481
113  17.13759260 -061.79419385
110 1 0.00 58.0000 G shoulder 2
111  17.13735136 -061.79405495
111  17.13740325 -061.79409065
111  17.13434337 -061.79924800
113  17.13430079 -061.79921929
110 1 0.00 58.0000 G shoulder 1
111  17.13422264 -061.79878362
111  17.13711670 -061.79390496
111  17.13716200 -061.79393790
113  17.13427387 -061.79882771
110 1 0.00 59.0000 Terminal 1
111  17.14068378 -061.79167787
111  17.14057634 -061.79161771
111  17.14212557 -061.78900047
113  17.14223887 -061.78907397
110 2 0.00 58.2900 Stand 5 pavement
111  17.14040247 -061.79198053
111  17.14003624 -061.79173859
111  17.14049355 -061.79094568
113  17.14085688 -061.79118040
110 2 0.25 58.2900 new east ramp
111  17.13999510 -061.79064434
111  17.14131667 -061.78841768
111  17.14213909 -061.78897680
113  17.14082850 -061.79118527
110 1 0.25 0.0000 txwy C
111  17.14090456 -061.78814816
111  17.14088902 -061.78790004
111  17.14086891 -061.78763173
111  17.14082475 -061.78733748
111  17.14079682 -061.78715730
111  17.14075502 -061.78699475
111  17.14070433 -061.78687086
111  17.14063258 -061.78684403
111  17.14051769 -061.78686678
111  17.14033691 -061.78694975
111  17.14123391 -061.78543096
111  17.14119786 -061.78586895
111  17.14121070 -061.78630023
111  17.14122765 -061.78661132
112  17.14124196 -061.78683021  17.14124255 -061.78683486
112  17.14125799 -061.78702097  17.14125927 -061.78702365
111  17.14127156 -061.78716108
112  17.14128611 -061.78740042  17.14128739 -061.78740826
111  17.14130449 -061.78763740
112  17.14113677 -061.78780751  17.14114049 -061.78781608
111  17.14106459 -061.78795160
111  17.14099936 -061.78807475
113  17.14090790 -061.78825738
110 1 0.25 0.0000 New Taxiway 8
111  17.14123132 -061.78762980
111  17.14144777 -061.78764827
111  17.14175642 -061.78756218
111  17.14190955 -061.78727508
111  17.14194599 -061.78770531
111  17.14197277 -061.78811135
111  17.14213141 -061.78898050
111  17.14092945 -061.78825134
113  17.14099018 -061.78806671
110 2 0.25 94.7600 xxx
111  17.14057655 -061.78578080
111  17.13965027 -061.77435136
111  17.14033365 -061.77429181
113  17.14117769 -061.78477140
110 2 0.25 58.2900 xxx
111  17.13710861 -061.79404065
111  17.13933419 -061.79022165
111  17.14009649 -061.79070936
113  17.13785563 -061.79450037
110 2 0.25 148.2900 xxx
111  17.13879512 -061.79153416
111  17.13787832 -061.79096024
111  17.13808160 -061.79062828
113  17.13897421 -061.79121818
110 2 0.25 58.2900 new west apron
111  17.13818225 -061.79377223
111  17.13919761 -061.79198732
111  17.13964508 -061.79229574
113  17.13862423 -061.79405326
110 2 0.25 58.2900 xxx
111  17.13886801 -061.79214728
111  17.13996295 -061.79025993
111  17.14066771 -061.79072375
113  17.13956966 -061.79261175
110 2 0.25 58.2900 xxx
111  17.13913342 -061.79129884
111  17.13995090 -061.78991425
111  17.14022858 -061.79009848
113  17.13941110 -061.79148307
110 2 0.25 58.2900 xxx
111  17.13895742 -061.79133152
111  17.13977490 -061.78994693
111  17.14005258 -061.79012648
113  17.13923510 -061.79151107
110 2 0.25 58.2900 xxx
111  17.13877142 -061.79137152
111  17.13958890 -061.78998694
111  17.13986658 -061.79016648
113  17.13904910 -061.79155107
110 2 0.25 58.2900 xxx
111  17.13862042 -061.79150752
111  17.13943790 -061.79012294
111  17.13971558 -061.79030248
113  17.13889810 -061.79168706
110 2 0.25 148.2900 xxx
111  17.13746821 -061.79364040
111  17.13666047 -061.79314030
111  17.13679161 -061.79292240
113  17.13758212 -061.79344504
110 1 0.25 0.0000 Golf Link
111  17.13446266 -061.79843070
111  17.13354954 -061.79873628
111  17.13330017 -061.79884300
111  17.13394174 -061.79776607
111  17.13400762 -061.79793748
111  17.13413414 -061.79801151
111  17.13434995 -061.79798813
111  17.13462541 -061.79785563
113  17.13504616 -061.79743866
110 2 0.25 58.2900 xxx
111  17.13295254 -061.80106846
111  17.13719278 -061.79388684
111  17.13737946 -061.79400754
113  17.13313922 -061.80118916
110 2 0.25 95.0900 xxx
111  17.14197633 -061.78812929
111  17.14084690 -061.77485989
111  17.14098351 -061.77484716
113  17.14211294 -061.78811656
110 2 0.25 4.7600 xxx
111  17.14137815 -061.78819131
111  17.14293262 -061.78801626
111  17.14300318 -061.78890304
113  17.14216268 -061.78898602
110 2 0.25 94.7600 xxx
111  17.14216857 -061.78891657
111  17.14203706 -061.78747405
111  17.14306695 -061.78740021
113  17.14318356 -061.78879206
110 2 0.25 94.7600 xxx
111  17.14080795 -061.77792828
111  17.14073716 -061.77703864
111  17.14104605 -061.77701172
113  17.14111684 -061.77790136
110 2 0.25 94.7600 xxx
111  17.14086880 -061.77885511
111  17.14082031 -061.77824581
111  17.14112920 -061.77821889
113  17.14117768 -061.77882819
110 2 0.25 94.7600 xxx
111  17.14033154 -061.77602739
111  17.14025335 -061.77501385
111  17.14087306 -061.77495275
113  17.14094385 -061.77597403
110 2 0.25 211.2900 xxx
111  17.13313030 -061.80117975
111  17.13255367 -061.80154648
111  17.13243970 -061.80135025
113  17.13301633 -061.80098352
110 2 0.25 21.0000 xxx
111  17.13774878 -061.79104481
111  17.13808424 -061.79091005
111  17.13811808 -061.79109992
113  17.13781056 -061.79121843
110 2 0.25 21.0000 xxx
111  17.13729608 -061.79329410
111  17.13762076 -061.79316837
111  17.13768564 -061.79334524
113  17.13735018 -061.79347999
110 2 0.25 21.0000 xxx
111  17.13666138 -061.79314294
111  17.13686967 -061.79306231
111  17.13685480 -061.79323240
113  17.13657322 -061.79332431
110 2 0.25 21.0000 xxx
111  17.13860241 -061.79106437
111  17.13897559 -061.79085255
111  17.13900095 -061.79113092
113  17.13866549 -061.79126567
110 2 0.25 285.0000 xxx
111  17.13865540 -061.79121733
111  17.13863114 -061.79144089
111  17.13850529 -061.79167656
113  17.13848553 -061.79131064
110 2 0.25 285.0000 xxx
111  17.13822013 -061.79046295
111  17.13831314 -061.79082616
111  17.13813827 -061.79087519
113  17.13804526 -061.79051198
110 2 0.25 285.0000 xxx
111  17.13687765 -061.79278081
111  17.13694264 -061.79304703
111  17.13676776 -061.79309606
113  17.13676959 -061.79294262
110 2 0.25 285.0000 xxx
111  17.13742136 -061.79344932
111  17.13751436 -061.79381253
111  17.13723604 -061.79390216
113  17.13724649 -061.79349835
130 Airport Boundary 1
111  17.12927953 -061.80677904
111  17.12706011 -061.81021477
111  17.12605681 -061.80951490
111  17.12806341 -061.80623823
111  17.12732124 -061.80564713
111  17.13090880 -061.79998433
111  17.13255057 -061.79801190
111  17.14012093 -061.78509564
111  17.13926964 -061.77405637
111  17.14060738 -061.77392911
111  17.14124584 -061.77443813
111  17.14197552 -061.78258237
111  17.14300922 -061.78095989
111  17.14401252 -061.78172341
111  17.14407333 -061.78239149
111  17.14237076 -061.78525470
111  17.14252277 -061.78639999
111  17.14313083 -061.78655905
111  17.14349567 -061.78706807
111  17.14358688 -061.78919957
111  17.14297882 -061.79024941
111  17.14006012 -061.79546682
111  17.13884400 -061.79572133
111  17.13796231 -061.79521231
113  17.13039195 -061.80749230
120 Linear Feature 11
111  17.13327709 -061.79866842 51
111  17.13323202 -061.79870239 51
111  17.13318404 -061.79874651 51
111  17.13314527 -061.79879165 51
111  17.13311716 -061.79883323 51
115  17.13307694 -061.79889561
120 Linear Feature 10
111  17.13491757 -061.79771965 3
111  17.13495142 -061.79767157 3
111  17.13499578 -061.79760848 3
111  17.13503545 -061.79754880 3
115  17.13507357 -061.79748773
120 Linear Feature 9
111  17.13485130 -061.79817113 3
111  17.13489950 -061.79814095 3
111  17.13493423 -061.79811433 3
115  17.13495967 -061.79808728
120 Linear Feature 8
111  17.13740303 -061.79369432 1
111  17.13739563 -061.79372285 1
111  17.13738621 -061.79374715 1
115  17.13737510 -061.79377568
120 Linear Feature 7
111  17.13881545 -061.79122996 51
111  17.13883920 -061.79121982 51
111  17.13886440 -061.79120460 51
111  17.13888960 -061.79118685 51
115  17.13891238 -061.79116606
120 Linear Feature 6
111  17.13852808 -061.79161872 53
111  17.13854089 -061.79159345 53
111  17.13854758 -061.79157402 53
111  17.13855209 -061.79155549 53
112  17.13855392 -061.79152895  17.13855368 -061.79152651 53
115  17.13855422 -061.79150024
120 Linear Feature 5
111  17.13947163 -061.79100871 51
111  17.13950314 -061.79098639 51
111  17.13952979 -061.79096459 51
112  17.13955548 -061.79093974  17.13955741 -061.79093822 51
111  17.13957292 -061.79091742 51
115  17.13959279 -061.79089054
120 Linear Feature 4
111  17.14105137 -061.78839397 51
111  17.14106308 -061.78837072 51
111  17.14107520 -061.78834494 51
111  17.14108328 -061.78832466 51
115  17.14109014 -061.78830268
120 Linear Feature 3
111  17.14105419 -061.78843249 51
111  17.14103440 -061.78844982 51
111  17.14101583 -061.78846926 51
115  17.14099038 -061.78850011
120 Linear Feature 2
111  17.14292749 -061.78232005 1
111  17.14287425 -061.78235994 1
111  17.14284223 -061.78239667 1
111  17.14280128 -061.78244619 1
115  17.14274855 -061.78251848
120 Linear Feature 1
111  17.14171176 -061.78924938 51
111  17.14172676 -061.78921587 51
111  17.14174079 -061.78918603 51
111  17.14175529 -061.78914255 51
112  17.14176578 -061.78908709  17.14176579 -061.78908395 51
111  17.14177328 -061.78902898 51
111  17.14177328 -061.78896773 51
111  17.14177028 -061.78891591 51
111  17.14175828 -061.78887036 51
111  17.14173577 -061.78882639 51
111  17.14171626 -061.78878556 51
111  17.14169825 -061.78876357 51
115  17.14168441 -061.78875101
120 Linear Feature 31
111  17.14047198 -061.78939392 51
111  17.14050621 -061.78935918 51
111  17.14053491 -061.78934102 51
111  17.14056331 -061.78932870 51
111  17.14059423 -061.78932259 51
111  17.14062176 -061.78932310 51
111  17.14063385 -061.78932310 51
111  17.14064717 -061.78932522 51
111  17.14063245 -061.78929608 51
111  17.14062363 -061.78927177 51
111  17.14061721 -061.78924198 51
111  17.14061769 -061.78921029 51
111  17.14062252 -061.78917494 51
111  17.14062891 -061.78914749 51
111  17.14063739 -061.78911759 51
115  17.14064569 -061.78909870
120 Linear Feature 30
111  17.14014489 -061.78995072 51
111  17.14017462 -061.78991953 51
111  17.14020051 -061.78989703 51
111  17.14023437 -061.78987827 51
112  17.14026379 -061.78986750  17.14026431 -061.78986750 51
111  17.14028913 -061.78986549 51
112  17.14031702 -061.78986394  17.14031849 -061.78986398 51
111  17.14034342 -061.78986685 51
111  17.14032996 -061.78984076 51
111  17.14032000 -061.78981158 51
111  17.14031303 -061.78976990 51
111  17.14031303 -061.78973551 51
111  17.14031661 -061.78970428 51
111  17.14032069 -061.78967377 51
116  17.14033339 -061.78963069  17.14033675 -061.78962598
120 Linear Feature 29
111  17.13980744 -061.79052243 51
111  17.13983137 -061.79049779 51
111  17.13985965 -061.79047737 51
111  17.13989769 -061.79045901 51
112  17.13993994 -061.79044944  17.13994492 -061.79044944 51
111  17.13998289 -061.79044490 51
111  17.14001961 -061.79044699 51
111  17.14001857 -061.79044049 51
111  17.14000919 -061.79041463 51
111  17.13999964 -061.79038150 51
111  17.13999085 -061.79034771 51
111  17.13998568 -061.79031772 51
111  17.13998389 -061.79028581 51
111  17.13998629 -061.79026044 51
111  17.13999069 -061.79023188 51
111  17.13999726 -061.79020501 51
115  17.14000721 -061.79018540
120 Linear Feature 28
111  17.13940451 -061.79104160 51
111  17.13945886 -061.79103980 51
111  17.13949969 -061.79104084 51
111  17.13954151 -061.79104605 51
111  17.13960126 -061.79105647 51
111  17.13963618 -061.79106481 51
111  17.13965503 -061.79107106 51
112  17.13964308 -061.79105231  17.13964209 -061.79105022 51
111  17.13963113 -061.79103147 51
111  17.13962416 -061.79100541 51
111  17.13961719 -061.79096894 51
111  17.13961321 -061.79093351 51
111  17.13961420 -061.79089495 51
111  17.13962615 -061.79085327 51
111  17.13964109 -061.79081472 51
115  17.13964954 -061.79079356
120 Linear Feature 27
111  17.14122340 -061.78842579 1
111  17.14119159 -061.78839105 1
111  17.14116600 -061.78835487 1
111  17.14114595 -061.78830711 1
111  17.14113081 -061.78825676 1
111  17.14111985 -061.78820561 1
111  17.14111716 -061.78817588 1
115  17.14111279 -061.78813805
120 Linear Feature 26
111  17.13891086 -061.79116661 51
111  17.13894127 -061.79114022 51
111  17.13896568 -061.79112347 51
115  17.13900410 -061.79110672
120 Linear Feature 25
111  17.13876413 -061.79142215 51
111  17.13879401 -061.79140027 51
111  17.13883202 -061.79138310 51
112  17.13885183 -061.79137444  17.13885430 -061.79137344 51
111  17.13888094 -061.79136869 51
111  17.13891149 -061.79137020 51
111  17.13893840 -061.79137422 51
111  17.13893541 -061.79136901 51
111  17.13892179 -061.79134720 51
111  17.13890960 -061.79131278 51
111  17.13890133 -061.79128302 51
111  17.13889550 -061.79124975 51
111  17.13889690 -061.79122577 51
111  17.13889993 -061.79120366 51
115  17.13890383 -061.79118065
120 Linear Feature 24
111  17.13871711 -061.79150301 51
111  17.13872430 -061.79146175 51
111  17.13872430 -061.79142215 51
112  17.13871833 -061.79138256  17.13871798 -061.79138151 51
112  17.13870643 -061.79133461  17.13870575 -061.79133288 51
111  17.13868148 -061.79127418 51
111  17.13864464 -061.79122833 51
115  17.13859983 -061.79119499
120 Linear Feature 23
111  17.13853885 -061.79181114 51
111  17.13856106 -061.79179389 51
111  17.13858544 -061.79177977 51
111  17.13861951 -061.79177155 51
111  17.13865337 -061.79176738 51
111  17.13867428 -061.79176738 51
111  17.13869619 -061.79176738 51
111  17.13869619 -061.79176633 51
111  17.13869021 -061.79174862 51
111  17.13868225 -061.79172361 51
111  17.13867627 -061.79168297 51
111  17.13867428 -061.79165275 51
111  17.13867428 -061.79161524 51
111  17.13867826 -061.79159023 51
111  17.13868290 -061.79156708 51
115  17.13868829 -061.79155167
120 Linear Feature 22
111  17.13823838 -061.79232890 51
111  17.13827412 -061.79229980 51
111  17.13830001 -061.79228417 51
112  17.13833287 -061.79227270  17.13833387 -061.79227270 51
111  17.13835379 -061.79227062 51
111  17.13839959 -061.79227270 51
111  17.13841552 -061.79227583 51
111  17.13840756 -061.79226333 51
111  17.13839660 -061.79223311 51
111  17.13838665 -061.79219872 51
111  17.13838067 -061.79216641 51
111  17.13837827 -061.79213099 51
111  17.13838266 -061.79209764 51
115  17.13839218 -061.79206429
120 Linear Feature 21
111  17.13798424 -061.79275483 51
111  17.13800553 -061.79273464 51
111  17.13802345 -061.79272109 51
111  17.13805134 -061.79270963 51
111  17.13808519 -061.79270233 51
111  17.13811407 -061.79269816 51
111  17.13813498 -061.79269921 51
111  17.13815689 -061.79270650 51
111  17.13815191 -061.79269816 51
111  17.13814110 -061.79268453 51
111  17.13812785 -061.79265820 51
111  17.13811824 -061.79262532 51
111  17.13811680 -061.79258746 51
111  17.13811935 -061.79255020 51
111  17.13812618 -061.79252201 51
115  17.13813225 -061.79250585
120 Linear Feature 20
111  17.13773984 -061.79316500 51
111  17.13775573 -061.79314729 51
111  17.13776868 -061.79313583 51
111  17.13779258 -061.79312541 51
111  17.13782046 -061.79311811 51
111  17.13784038 -061.79311811 51
111  17.13786428 -061.79311811 51
111  17.13787125 -061.79311915 51
111  17.13786527 -061.79310769 51
111  17.13785844 -061.79309130 51
111  17.13785213 -061.79306395 51
111  17.13784829 -061.79303131 51
111  17.13784902 -061.79300504 51
111  17.13785266 -061.79298437 51
111  17.13786111 -061.79296313 51
115  17.13787027 -061.79294730
120 Linear Feature 19
111  17.14118071 -061.78513266 1
111  17.14114821 -061.78516595 1
111  17.14111986 -061.78518115 1
112  17.14109012 -061.78518983  17.14109220 -061.78518983 1
111  17.14106938 -061.78519273 1
111  17.14104310 -061.78519490 1
111  17.14101198 -061.78519200 1
111  17.14098985 -061.78518766 1
111  17.14095597 -061.78517608 1
111  17.14093384 -061.78516378 1
111  17.14091448 -061.78514569 1
111  17.14090309 -061.78512326 1
115  17.14089556 -061.78509431
120 Linear Feature 15
111  17.12959997 -061.80432052 102
111  17.12880013 -061.80477167 102
111  17.12825600 -061.80568953 102
115  17.12865443 -061.80593533
120 Linear Feature 14
111  17.13393393 -061.79783292 102
111  17.13391906 -061.79788478 102
111  17.13391411 -061.79793145 102
111  17.13392402 -061.79797293 102
111  17.13394136 -061.79800405 102
111  17.13396614 -061.79802998 102
111  17.13401818 -061.79807146 102
111  17.13407021 -061.79808962 102
111  17.13412968 -061.79810258 102
111  17.13419162 -061.79810258 102
111  17.13429322 -061.79809480 102
111  17.13436507 -061.79807146 102
111  17.13449888 -061.79801183 102
111  17.13462277 -061.79794701 102
115  17.13475905 -061.79783551
120 Linear Feature 13
111  17.13454380 -061.79832725 102
111  17.13438788 -061.79837836 102
111  17.13427370 -061.79841570 102
111  17.13404535 -061.79850157 102
111  17.13353511 -061.79869946 102
111  17.13347802 -061.79873307 102
115  17.13338525 -061.79880027
120 Linear Feature 12
111  17.14339916 -061.78180261 3 102
111  17.14346110 -061.78184223 3 102
111  17.14351100 -061.78190525 3 102
111  17.14355574 -061.78197908 3 102
111  17.14356090 -061.78205111 3 102
111  17.14355402 -061.78212314 3 102
111  17.14351789 -061.78219877 3 102
111  17.14346626 -061.78227620 3 102
111  17.14341120 -061.78232482 3 102
111  17.14337679 -061.78234103 3 102
111  17.14329419 -061.78236443 3 102
111  17.14320988 -061.78237704 3 102
111  17.14313761 -061.78237164 3 102
115  17.14307910 -061.78234643
120 Linear Feature 10
111  17.14092448 -061.78444979 102
111  17.14095546 -061.78455063 102
111  17.14107763 -061.78458124 102
111  17.14115334 -061.78462626 102
115  17.14122217 -061.78466587
120 Linear Feature 8
111  17.14063284 -061.78565061 102
111  17.14063641 -061.78495984 102
111  17.14070777 -061.78479928 102
115  17.14070739 -061.78448396
120 Linear Feature 7
111  17.14118233 -061.78558262 102
111  17.14114308 -061.78569837 102
111  17.14110740 -061.78581412 102
111  17.14110383 -061.78593734 102
111  17.14109669 -061.78610536 102
111  17.14110383 -061.78629952 102
111  17.14111810 -061.78657583 102
111  17.14115378 -061.78700896 102
111  17.14116449 -061.78712845 102
111  17.14117876 -061.78729274 102
111  17.14118590 -061.78742716 102
111  17.14119660 -061.78752798 102
115  17.14121444 -061.78760265
120 Linear Feature 6
111  17.14093970 -061.78820468 102
111  17.14095754 -061.78809266 102
111  17.14095397 -061.78784249 102
111  17.14093970 -061.78758485 102
111  17.14091115 -061.78734962 102
111  17.14087904 -061.78717786 102
111  17.14085406 -061.78704717 102
111  17.14083979 -061.78700236 102
111  17.14078270 -061.78687915 102
111  17.14073632 -061.78679327 102
111  17.14067566 -061.78675593 102
111  17.14061144 -061.78674846 102
111  17.14055078 -061.78675593 102
111  17.14049369 -061.78677460 102
115  17.14045801 -061.78681940
120 Linear Feature 4
111  17.13828374 -061.79047833 102
111  17.13825076 -061.79054285 102
111  17.13824072 -061.79059687 102
111  17.13823929 -061.79066290 102
111  17.13826080 -061.79074243 102
111  17.13827514 -061.79077994 102
111  17.13835401 -061.79084147 102
111  17.13848736 -061.79092700 102
111  17.13854472 -061.79096151 102
111  17.13858917 -061.79099602 102
111  17.13865943 -061.79103204 102
111  17.13870102 -061.79104704 102
111  17.13875120 -061.79103654 102
111  17.13882070 -061.79100053 102
111  17.13888953 -061.79096001 102
115  17.13896266 -061.79090599
120 Linear Feature 3
111  17.13851174 -061.79162745 102
111  17.13851891 -061.79156443 102
111  17.13852608 -061.79152542 102
111  17.13852464 -061.79146089 102
111  17.13851747 -061.79139337 102
111  17.13849166 -061.79132434 102
111  17.13842714 -061.79127932 102
111  17.13836404 -061.79124031 102
111  17.13827944 -061.79118779 102
111  17.13814895 -061.79110676 102
111  17.13807869 -061.79108875 102
111  17.13803137 -061.79108875 102
111  17.13798549 -061.79110526 102
111  17.13793817 -061.79112477 102
111  17.13789945 -061.79115328 102
115  17.13786073 -061.79119529
120 Linear Feature 2
111  17.13689016 -061.79277545 102
111  17.13687869 -061.79281897 102
111  17.13688729 -061.79288649 102
111  17.13690163 -061.79295852 102
111  17.13692744 -061.79302304 102
111  17.13701491 -061.79308006 102
111  17.13707657 -061.79311758 102
111  17.13733181 -061.79328114 102
111  17.13737339 -061.79329164 102
111  17.13742501 -061.79328864 102
111  17.13748667 -061.79327514 102
115  17.13753829 -061.79325113
120 Linear Feature 1
111  17.13724721 -061.79376731 102
111  17.13725438 -061.79370879 102
111  17.13725438 -061.79363377 102
111  17.13725294 -061.79355274 102
111  17.13723430 -061.79349121 102
111  17.13718698 -061.79345520 102
111  17.13710668 -061.79341018 102
111  17.13699914 -061.79334116 102
111  17.13693031 -061.79329764 102
111  17.13686578 -061.79325563 102
111  17.13682133 -061.79324062 102
111  17.13678405 -061.79324663 102
111  17.13672812 -061.79326313 102
111  17.13668654 -061.79327514 102
111  17.13665929 -061.79328564 102
115  17.13662345 -061.79329914
120 Linear Feature 56
111  17.14071623 -061.78447969 4
115  17.14091146 -061.78445111
120 Linear Feature 55
111  17.14122380 -061.78467527 3
111  17.14107130 -061.78458964 3
111  17.14094795 -061.78455868 3
115  17.14090577 -061.78444402
120 Linear Feature 54
111  17.14064726 -061.78564451 3
111  17.14065470 -061.78495942 3
111  17.14073047 -061.78480086 3
115  17.14071873 -061.78447001
120 Linear Feature 53
111  17.13495849 -061.79808883 3
111  17.13497918 -061.79806400 3
115  17.13518712 -061.79770659
120 Linear Feature 47
111  17.14099528 -061.78679678 1
111  17.14096166 -061.78673452 1
111  17.14091510 -061.78666686 1
111  17.14084526 -061.78660189 1
111  17.14077284 -061.78655317 1
111  17.14069783 -061.78652881 1
111  17.14058920 -061.78652881 1
111  17.14049350 -061.78653693 1
111  17.14043401 -061.78656129 1
111  17.14037420 -061.78659519 1
111  17.14033032 -061.78663603 1
115  17.14030403 -061.78667319
120 Linear Feature 46
111  17.14099504 -061.78679703 1
111  17.14096259 -061.78649475 1
111  17.14093629 -061.78623468 1
111  17.14091237 -061.78596221 1
111  17.14091546 -061.78579342 1
111  17.14092961 -061.78567846 1
112  17.14096762 -061.78557011  17.14096762 -061.78556740 1
115  17.14101436 -061.78545087
120 Linear Feature 45
111  17.14108902 -061.78830601 1
111  17.14110454 -061.78825635 1
111  17.14111236 -061.78821575 1
111  17.14111426 -061.78803309 1
111  17.14110133 -061.78774888 1
111  17.14101597 -061.78702077 1
115  17.14099528 -061.78679612
120 Linear Feature 44
111  17.14112556 -061.78700818 4
115  17.14086691 -061.78703300
120 Linear Feature 43
111  17.14128799 -061.78834106 3
111  17.14163251 -061.78857168 3
115  17.14194600 -061.78879579
120 Linear Feature 42
111  17.14142718 -061.78771103 3
111  17.14139054 -061.78771103 3
111  17.14133665 -061.78770652 3
111  17.14126552 -061.78768848 3
111  17.14122457 -061.78765464 3
111  17.14119008 -061.78760727 3
111  17.14117284 -061.78752833 3
111  17.14116206 -061.78743134 3
111  17.14115128 -061.78729826 3
111  17.14113620 -061.78713134 3
111  17.14109955 -061.78657196 3
111  17.14108016 -061.78629903 3
111  17.14107584 -061.78609828 3
111  17.14107584 -061.78593791 3
111  17.14108447 -061.78581610 3
111  17.14111895 -061.78568077 3
115  17.14116206 -061.78556799
120 Linear Feature 41
111  17.14129085 -061.78834388 3
111  17.14124616 -061.78828139 3
111  17.14122486 -061.78821068 3
111  17.14122069 -061.78813129 3
111  17.14123104 -061.78805163 3
111  17.14125474 -061.78800652 3
111  17.14128061 -061.78798622 3
111  17.14131079 -061.78797043 3
111  17.14136252 -061.78795238 3
111  17.14141424 -061.78795013 3
115  17.14143796 -061.78794787
120 Linear Feature 40
111  17.14097816 -061.78818114 3
111  17.14097730 -061.78808370 3
111  17.14097040 -061.78784235 3
111  17.14095488 -061.78757935 3
111  17.14092686 -061.78734432 3
111  17.14089712 -061.78717244 3
111  17.14085315 -061.78699109 3
111  17.14079366 -061.78686388 3
111  17.14074451 -061.78677726 3
111  17.14067726 -061.78673666 3
111  17.14061260 -061.78672854 3
111  17.14054018 -061.78673125 3
111  17.14047552 -061.78675832 3
115  17.14043672 -061.78680433
120 Linear Feature 38
111  17.13759186 -061.79322215 3
111  17.13755144 -061.79325818 3
111  17.13750055 -061.79328167 3
111  17.13744816 -061.79329734 3
111  17.13739727 -061.79330360 3
111  17.13734937 -061.79330047 3
111  17.13730446 -061.79328167 3
111  17.13693775 -061.79303889 3
111  17.13692128 -061.79302166 3
111  17.13690631 -061.79298563 3
111  17.13689284 -061.79292454 3
111  17.13687787 -061.79285876 3
111  17.13687488 -061.79280864 3
115  17.13688835 -061.79277104
120 Linear Feature 37
111  17.13724977 -061.79379857 3
111  17.13726473 -061.79374062 3
111  17.13727191 -061.79365598 3
111  17.13727275 -061.79357921 3
111  17.13726473 -061.79351350 3
111  17.13724502 -061.79348054 3
111  17.13684238 -061.79323149 3
111  17.13679880 -061.79322685 3
111  17.13673743 -061.79324408 3
112  17.13667756 -061.79326131  17.13667307 -061.79326288 3
111  17.13662517 -061.79328011 3
112  17.13659524 -061.79329734  17.13658626 -061.79330047 3
111  17.13656680 -061.79332240 3
115  17.13655333 -061.79334433
120 Linear Feature 36
111  17.13732311 -061.79341012 1
111  17.13737101 -061.79342891 1
111  17.13741891 -061.79343518 1
111  17.13747429 -061.79343674 1
111  17.13752069 -061.79342421 1
111  17.13756859 -061.79340698 1
115  17.13761499 -061.79337566
120 Linear Feature 35
111  17.13682221 -061.79308588 1
111  17.13679527 -061.79305925 1
111  17.13676833 -061.79301383 1
111  17.13674887 -061.79295587 1
111  17.13673241 -061.79290105 1
111  17.13672492 -061.79284310 1
111  17.13672342 -061.79278357 1
111  17.13672792 -061.79272718 1
115  17.13674438 -061.79267080
120 Linear Feature 34
111  17.13740339 -061.79369480 1
111  17.13740896 -061.79364628 1
111  17.13740756 -061.79360694 1
111  17.13740324 -061.79356037 1
111  17.13738995 -061.79351032 1
112  17.13737583 -061.79347234  17.13737594 -061.79347291 1
111  17.13736066 -061.79344475 1
111  17.13732474 -061.79341029 1
111  17.13681732 -061.79308449 1
111  17.13676519 -061.79306883 1
111  17.13672178 -061.79306570 1
111  17.13667987 -061.79307040 1
111  17.13662299 -061.79307823 1
112  17.13656611 -061.79309546  17.13655863 -061.79309702 1
111  17.13651073 -061.79311582 1
111  17.13647181 -061.79314715 1
115  17.13644637 -061.79317847
120 Linear Feature 33
111  17.13767988 -061.79110953 1
111  17.13774125 -061.79102495 1
111  17.13780412 -061.79096699 1
111  17.13788046 -061.79092940 1
111  17.13795380 -061.79090904 1
111  17.13804511 -061.79089807 1
111  17.13810049 -061.79089964 1
115  17.13813941 -061.79090434
120 Linear Feature 32
111  17.13813846 -061.79090277 1
111  17.13810404 -061.79084951 1
111  17.13807709 -061.79079469 1
111  17.13805464 -061.79073674 1
111  17.13804267 -061.79068035 1
111  17.13803368 -061.79061926 1
111  17.13803368 -061.79055660 1
115  17.13804117 -061.79049238
120 Linear Feature 31
111  17.13846177 -061.79110640 51
115  17.13813846 -061.79090277
120 Linear Feature 30
111  17.12865754 -061.80532448 1
111  17.12859964 -061.80547011 1
111  17.12857985 -061.80555883 1
111  17.12858306 -061.80566520 1
111  17.12862743 -061.80575451 1
111  17.12871204 -061.80584789 1
111  17.12879261 -061.80590180 1
111  17.12887941 -061.80594105 1
111  17.12896170 -061.80594505 1
111  17.12904053 -061.80591918 1
111  17.12909427 -061.80586674 1
111  17.12913463 -061.80579978 1
111  17.12916508 -061.80572155 1
111  17.12917962 -061.80564698 1
111  17.12918291 -061.80559185 1
111  17.12918663 -061.80552962 1
111  17.12920032 -061.80547406 1
115  17.12924461 -061.80537754
120 Linear Feature 29
111  17.12982468 -061.80432931 1
111  17.12976215 -061.80439037 1
111  17.12969862 -061.80443933 1
111  17.12960920 -061.80449737 1
111  17.12948069 -061.80456731 1
111  17.12899029 -061.80483039 1
111  17.12893752 -061.80486611 1
111  17.12890338 -061.80491158 1
115  17.12840988 -061.80574628
120 Linear Feature 28
111  17.12867680 -061.80591517 3
111  17.12830124 -061.80567483 3
111  17.12882579 -061.80479791 3
115  17.12959242 -061.80436594
120 Linear Feature 24
111  17.13115154 -061.80172949 24
111  17.13092501 -061.80157692 24
111  17.13115465 -061.80118060 24
115  17.13161091 -061.80094025
120 Linear Feature 20
111  17.13417494 -061.79829052 51
111  17.13412285 -061.79829440 51
111  17.13405819 -061.79829440 51
111  17.13399353 -061.79827275 51
111  17.13394438 -061.79825110 51
111  17.13390559 -061.79821862 51
111  17.13384868 -061.79816719 51
111  17.13381247 -061.79812118 51
111  17.13378661 -061.79806976 51
111  17.13377109 -061.79801021 51
111  17.13375816 -061.79792360 51
111  17.13376592 -061.79782887 51
111  17.13378919 -061.79774767 51
111  17.13381247 -061.79768000 51
115  17.13384351 -061.79761504
120 Linear Feature 19
111  17.13491832 -061.79771857 3
111  17.13487269 -061.79777600 3
111  17.13479646 -061.79785631 3
111  17.13470468 -061.79792657 3
111  17.13462446 -061.79796996 3
111  17.13450307 -061.79802374 3
111  17.13436598 -061.79808600 3
111  17.13429356 -061.79810765 3
111  17.13419010 -061.79811306 3
111  17.13412027 -061.79811306 3
111  17.13406336 -061.79810224 3
111  17.13400905 -061.79808058 3
111  17.13395214 -061.79804269 3
111  17.13393145 -061.79801292 3
111  17.13391076 -061.79797502 3
111  17.13390041 -061.79792901 3
111  17.13390041 -061.79788300 3
116  17.13392369 -061.79782887  17.13392887 -061.79782887
120 Linear Feature 18
111  17.13485215 -061.79817046 3
111  17.13478124 -061.79821013 3
111  17.13467170 -061.79825707 3
111  17.13426770 -061.79839996 3
111  17.13403232 -061.79848928 3
111  17.13352278 -061.79868416 3
111  17.13345820 -061.79871663 3
115  17.13336509 -061.79878971
120 Linear Feature 12
111  17.13764699 -061.79313223 4
115  17.13781657 -061.79324502
120 Linear Feature 11
111  17.13720276 -061.79321539 54
115  17.13710003 -061.79339305
120 Linear Feature 6
111  17.13904422 -061.79078496 53
111  17.13896788 -061.79091184 53
111  17.13889155 -061.79096823 53
111  17.13882269 -061.79100895 53
111  17.13875534 -061.79104185 53
111  17.13870344 -061.79105447 53
111  17.13865355 -061.79104341 53
111  17.13858470 -061.79100425 53
111  17.13848591 -061.79093533 53
111  17.13834820 -061.79084605 53
111  17.13826588 -061.79078496 53
111  17.13824642 -061.79074110 53
112  17.13822846 -061.79066278  17.13822696 -061.79065495 53
111  17.13822696 -061.79059700 53
111  17.13823893 -061.79053434 53
115  17.13827486 -061.79046855
120 Linear Feature 5
111  17.13855398 -061.79150157 53
111  17.13854837 -061.79145238 53
111  17.13853778 -061.79139406 53
111  17.13851887 -061.79134853 53
111  17.13849720 -061.79131596 53
111  17.13842835 -061.79127210 53
111  17.13836548 -061.79123294 53
111  17.13828166 -061.79118125 53
111  17.13815293 -061.79110137 53
111  17.13807809 -061.79107787 53
111  17.13802828 -061.79107787 53
111  17.13797888 -061.79109354 53
111  17.13792799 -061.79111233 53
111  17.13788159 -061.79114836 53
115  17.13784267 -061.79119535
120 Linear Feature 4
111  17.13837895 -061.79124861 54
115  17.13853761 -061.79096666
120 Linear Feature 7
111  17.14292697 -061.78232101 1
111  17.14298388 -061.78229010 1
111  17.14304511 -061.78227401 1
111  17.14308070 -061.78227275 1
111  17.14319609 -061.78229494 1
111  17.14327743 -061.78228574 1
111  17.14332435 -061.78227382 1
111  17.14336884 -061.78225217 1
111  17.14340866 -061.78222230 1
111  17.14344411 -061.78217641 1
111  17.14347256 -061.78211861 1
111  17.14348282 -061.78205770 1
111  17.14347533 -061.78201613 1
111  17.14345686 -061.78196655 1
111  17.14341798 -061.78192063 1
111  17.14337277 -061.78188389 1
111  17.14331436 -061.78184328 1
111  17.14325612 -061.78180840 1
111  17.14320704 -061.78178452 1
111  17.14314255 -061.78176530 1
111  17.14308010 -061.78175931 1
111  17.14303463 -061.78176774 1
111  17.14299599 -061.78179960 1
111  17.14296700 -061.78184604 1
111  17.14294723 -061.78190510 1
111  17.14294037 -061.78196226 1
111  17.14294211 -061.78203590 1
111  17.14293266 -061.78209655 1
111  17.14292046 -061.78214548 1
115  17.14290213 -061.78219200
120 Linear Feature 51
111  17.14127696 -061.78783271 1
111  17.14123512 -061.78785129 1
111  17.14118280 -061.78790776 1
111  17.14114911 -061.78797638 1
111  17.14112823 -061.78804626 1
115  17.14111307 -061.78812612
120 Linear Feature 50
111  17.14127677 -061.78783231 1
111  17.14123443 -061.78781567 1
111  17.14119554 -061.78779382 1
111  17.14114045 -061.78774796 1
111  17.14110935 -061.78770028 1
115  17.14108640 -061.78762613
120 Linear Feature 49
111  17.14127635 -061.78783271 1
115  17.14178289 -061.78782881
120 Linear Feature 19
111  17.14143126 -061.78794609 2
115  17.14142421 -061.78770800
120 Linear Feature 16
111  17.14168844 -061.78875417 51
111  17.14136555 -061.78852069 51
111  17.14122534 -061.78842655 51
111  17.14117550 -061.78841551 51
111  17.14112132 -061.78841435 51
111  17.14108243 -061.78842057 51
115  17.14105115 -061.78843356
120 Linear Feature 49
111  17.13792779 -061.79419861 51
111  17.13785109 -061.79402754 51
111  17.13771579 -061.79394210 51
115  17.13739549 -061.79374069
120 Linear Feature 49
111  17.13780209 -061.79442444 51
111  17.13772036 -061.79424845 51
111  17.13759643 -061.79416463 51
115  17.13726756 -061.79395634
120 Linear Feature 49
111  17.13765939 -061.79471517 51
111  17.13757174 -061.79450780 51
111  17.13742626 -061.79440891 51
115  17.13711780 -061.79421248
120 Linear Feature 45
111  17.13857811 -061.79357923 51
115  17.13786922 -061.79311794
120 Linear Feature 44
111  17.13884073 -061.79314651 51
115  17.13815215 -061.79270288
120 Linear Feature 43
111  17.13910071 -061.79271230 51
115  17.13841289 -061.79227440
120 Linear Feature 42
111  17.13941512 -061.79222319 51
115  17.13869327 -061.79176515
120 Linear Feature 41
111  17.13966337 -061.79181262 51
115  17.13893467 -061.79137222
120 Linear Feature 40
111  17.14027571 -061.79145167 51
115  17.13965056 -061.79106817
120 Linear Feature 39
111  17.14136368 -061.78979101 51
115  17.14064382 -061.78932284
120 Linear Feature 38
111  17.14106344 -061.79032268 51
115  17.14034025 -061.78986527
120 Linear Feature 37
111  17.14072358 -061.79089804 51
115  17.14001579 -061.79044356
120 Linear Feature 23
111  17.13518519 -061.79770962 53
111  17.13572386 -061.79679171 53
111  17.13684973 -061.79487922 53
111  17.13707082 -061.79449975 53
111  17.13709163 -061.79448988 53
115  17.13712827 -061.79451366
120 Linear Feature 22
111  17.13712184 -061.79402415 53
111  17.13535211 -061.79702187 53
115  17.13507328 -061.79748866
120 Linear Feature 21
111  17.13712152 -061.79402460 3
115  17.13724945 -061.79379951
120 Linear Feature 20
111  17.13852853 -061.79161742 3
111  17.13838949 -061.79185783 3
111  17.13795275 -061.79260974 3
111  17.13764475 -061.79313349 3
115  17.13758961 -061.79322519
120 b2
111  17.13881758 -061.79122924 51
111  17.13877444 -061.79124092 51
111  17.13872852 -061.79124390 51
111  17.13869228 -061.79123772 51
111  17.13860002 -061.79119618 51
115  17.13845865 -061.79110609
120 c-b link
111  17.13900382 -061.79110677 51
111  17.13906097 -061.79108710 51
111  17.13911103 -061.79107974 51
111  17.13926689 -061.79106765 51
111  17.13941185 -061.79103967 51
111  17.13943915 -061.79102822 51
115  17.13947321 -061.79100726
120 Linear Feature 12
111  17.13970598 -061.79039711 53
111  17.14091983 -061.78831321 53
115  17.14097808 -061.78817865
120 new ramp-C
111  17.13959169 -061.79089207 51
111  17.14071942 -061.78897441 51
115  17.14105195 -061.78839295
120 B-A
111  17.13722997 -061.79401884 51
111  17.13824824 -061.79231304 51
111  17.13877539 -061.79140220 51
115  17.13891374 -061.79116446
120 Linear Feature 19
111  17.13428972 -061.79810515 4
115  17.13436759 -061.79835589
120 Linear Feature 16
111  17.13467078 -061.79867437 106
115  17.13439944 -061.79850446
120 Linear Feature 12
111  17.13327635 -061.79866918 51
111  17.13333002 -061.79863018 51
111  17.13338431 -061.79859485 51
111  17.13344061 -061.79856394 51
112  17.13350254 -061.79853781  17.13351419 -061.79853213 51
111  17.13369356 -061.79846225 51
111  17.13462261 -061.79813046 51
111  17.13472686 -061.79807395 51
112  17.13487351 -061.79796630  17.13495843 -061.79788905 51
111  17.13499687 -061.79781772 51
111  17.13606919 -061.79599585 51
111  17.13651441 -061.79523281 51
115  17.13723055 -061.79401775
120 Linear Feature 18
111  17.14091080 -061.78521034 1
111  17.14091760 -061.78529281 1
111  17.14091726 -061.78538616 1
111  17.14090143 -061.78549406 1
111  17.14087837 -061.78560217 1
111  17.14083831 -061.78569660 1
111  17.14079027 -061.78579067 1
115  17.14076456 -061.78583881
120 Linear Feature 16
111  17.14081545 -061.78446486 51
115  17.14091169 -061.78521761
21  17.13721419 -061.79318810 6 151.7000 3.00 New Light Fixture 7
21  17.13708514 -061.79341769 6 151.7000 3.00 New Light Fixture 6
21  17.13836044 -061.79126634 6 149.2600 3.00 New Light Fixture 5
21  17.13854829 -061.79093622 6 146.3100 3.00 New Light Fixture 4
21  17.13346358 -061.79911715 2 58.2800 3.00 07  PAPI-4L
21  17.13999460 -061.78624650 2 238.2900 3.00 25  PAPI-4L
20  17.13459930 -061.79849984 237.5300 0 3 {no-entry}
20  17.14063331 -061.78456316 275.0000 0 2 {@L}E{@R}07-25
20  17.13833758 -061.79131120 148.9500 0 2 {@L}C{@R}25-07
20  17.13706666 -061.79346026 147.9800 0 2 {@L}B{@R}25-07
20  17.13438818 -061.79842545 202.6400 0 2 {@L}A{@R}25-07
20  17.13351799 -061.79885469 60.1400 0 2 {@Y,^lu}A
20  17.13407138 -061.79779949 237.0900 0 2 {@Y,^rd}A
20  17.13838782 -061.79050343 235.4000 0 2 {@Y,^r}C
20  17.13792851 -061.79132317 57.0700 0 2 {@Y,^l}C
20  17.13697049 -061.79282870 238.5000 0 2 {@Y,^r}B
20  17.13670893 -061.79335223 59.0400 0 2 {@Y,^l}B
20  17.14048422 -061.78703863 56.5000 0 2 {@Y,^ld}D
20  17.14120414 -061.78700311 94.4200 0 2 {@L}D{@R}25-07
14  17.14005922 -061.79299090 164.04 0 Tower Viewpoint
1300  17.14041994 -061.79154221 328.00 gate heavy|jets|turboprops Stand 5
1301 C none 
1300  17.13979318 -061.79189500 -31.76 gate jets|turboprops Stand 6
1301 C none 
1300  17.13955536 -061.79231304 328.00 gate jets|turboprops Stand 7
1301 C none 
1300  17.13761242 -061.79460045 291.82 gate props|helos|fighters Stand 16
1301 B none 
1300  17.13776131 -061.79433613 290.61 gate props|helos|fighters Stand 15
1301 B none 
1300  17.13788929 -061.79411237 293.55 gate props|helos|fighters Stand 14
1301 B none 
1300  17.13871638 -061.79367078 328.00 gate jets|turboprops|props|helos Stand 10
1301 D none 
1300  17.13923236 -061.79279802 328.00 misc jets|turboprops|props|helos Stand 8
1301 D none 
1300  17.13897669 -061.79323501 328.00 gate jets|turboprops|props|helos Stand 9
1301 D none 
1300  17.14176316 -061.78941021 -71.00 gate heavy Stand 1
1301 F none 
1300  17.14150088 -061.78988401 327.00 gate heavy Stand 2
1301 E none 
1300  17.14120058 -061.79041276 328.00 gate heavy Stand 3
1301 E none 
1300  17.14086161 -061.79098839 328.00 gate heavy Stand 4
1301 E none 
18  17.13963118 -061.79299816 1 BCN
19  17.14235937 -061.78461441 1 Windsock
19  17.13145949 -061.80042848 1 Windsock
1053 121900 GND
1054 118200 TWR
1055 119100 APP
99
