I
1130 Generated by WorldEditor 2.0.0r4

1    166 1 0 TBPB Barbados/Grantley Adams Intl
1302 city Bridgetown
1302 country Barbados
1302 datum_lat 13.074641667
1302 datum_lon -59.492102778
1302 faa_code 
1302 iata_code BGI
1302 icao_code TBPB
1302 region_code TB
1302 state Christ Church
1302 transition_alt 3000
1302 transition_level 
100 41.62 1 2 0.00 1 3 0 9  13.07098218 -059.50707926    0   53 3 3 0 1 27  13.07835333 -059.47707055    0    0 3 0 0 1
110 2 0.00 0.0000 CncrtPad
111  13.08026182 -059.48512736
111  13.08033187 -059.48485355
111  13.08052716 -059.48491122
111  13.08045361 -059.48518323
113  13.08028987 -059.48513552
110 1 0.00 0.0000 Airport Entrance RdWy
112  13.08005775 -059.49104228  13.08006951 -059.49099838
111  13.08005775 -059.49104228
112  13.08005775 -059.49104228  13.08006591 -059.49101180 20
112  13.08008250 -059.49095924  13.08009162 -059.49093448
111  13.08008250 -059.49095924
112  13.08008250 -059.49095924  13.08009326 -059.49093598 20
112  13.08011095 -059.49084845  13.08011417 -059.49081104
111  13.08011095 -059.49084845 20
111  13.08009445 -059.49026212 20
111  13.07972537 -059.49022528
111  13.07959595 -059.49021181 20
111  13.07922942 -059.49017241
112  13.07922942 -059.49017241  13.07919929 -059.49017035
112  13.07913451 -059.49033489  13.07913049 -059.49042150
111  13.07913451 -059.49033489
111  13.07912810 -059.49076563
111  13.07913974 -059.49091207
111  13.07914842 -059.49125961
111  13.07860302 -059.49125191
111  13.07870693 -059.49102178
112  13.07880407 -059.49102095  13.07883018 -059.49095702
111  13.07873657 -059.49092110
111  13.07874178 -059.49086657
111  13.07886843 -059.49006795 20
111  13.07916613 -059.49010033
111  13.07916209 -059.49001709
111  13.07922954 -059.48982750
111  13.07934065 -059.48986862
111  13.07927808 -059.49006437
111  13.07928781 -059.49008204 20
111  13.08009586 -059.49016202 20
111  13.08009674 -059.48998346 20
111  13.07975313 -059.48995233
112  13.07975313 -059.48995233  13.07971430 -059.48994900 20
112  13.07959409 -059.48977569  13.07957577 -059.48962415
111  13.07959409 -059.48977569 20
111  13.07977427 -059.48917115
111  13.07986108 -059.48919742 20
111  13.07968876 -059.48977201
112  13.07968876 -059.48977201  13.07969200 -059.48980855 20
112  13.07977443 -059.48984978  13.07982783 -059.48985310
111  13.07977443 -059.48984978 20
111  13.08010014 -059.48988149 20
111  13.08011761 -059.48923498
112  13.08011761 -059.48923498  13.08012166 -059.48917268 20
111  13.08078556 -059.48667652 20
111  13.08085539 -059.48644470 20
111  13.08091322 -059.48620630
111  13.08104777 -059.48633227 20
111  13.08101245 -059.48648075
112  13.08101245 -059.48648075  13.08099312 -059.48652660 20
112  13.08106228 -059.48657119  13.08110138 -059.48658226
111  13.08106228 -059.48657119 20
111  13.08142496 -059.48667734
112  13.08142496 -059.48667734  13.08150884 -059.48669744 20
112  13.08157315 -059.48687827  13.08157874 -059.48700744
111  13.08157315 -059.48687827 20
112  13.08155514 -059.48744384  13.08155514 -059.48746520 20
112  13.08159536 -059.48749087  13.08161319 -059.48749372
111  13.08159536 -059.48749087
112  13.08159536 -059.48749087  13.08162521 -059.48749564 20
112  13.08169117 -059.48752664  13.08171956 -059.48754317
111  13.08169117 -059.48752664
112  13.08169117 -059.48752664  13.08171298 -059.48753934 20
112  13.08176882 -059.48752373  13.08179889 -059.48749997
111  13.08176882 -059.48752373 20
111  13.08228523 -059.48695067
112  13.08228523 -059.48695067  13.08230545 -059.48693129 20
112  13.08227076 -059.48690927  13.08224840 -059.48690353
111  13.08227076 -059.48690927 20
111  13.08182624 -059.48681452
111  13.08180830 -059.48697330
111  13.08160282 -059.48694459
111  13.08162907 -059.48670086
111  13.08185647 -059.48674488 20
111  13.08230239 -059.48684931
112  13.08230239 -059.48684931  13.08233594 -059.48685792 20
112  13.08238425 -059.48678081  13.08239369 -059.48676143
111  13.08238425 -059.48678081 20
111  13.08275020 -059.48613193
112  13.08275020 -059.48613193  13.08280053 -059.48602859 20
112  13.08302424 -059.48518759  13.08305388 -059.48487356
111  13.08302424 -059.48518759 20
111  13.08311930 -059.48376385
112  13.08311930 -059.48376385  13.08312048 -059.48373697 20
112  13.08306179 -059.48369860  13.08302824 -059.48369573
111  13.08306179 -059.48369860 20
111  13.08185543 -059.48363056
112  13.08185543 -059.48363056  13.08179071 -059.48363056 20
112  13.08174045 -059.48369083  13.08172357 -059.48375493
111  13.08174045 -059.48369083 20
111  13.08117427 -059.48539419
111  13.08059256 -059.48522297
111  13.08045361 -059.48518323
111  13.08026182 -059.48512736
111  13.08032685 -059.48487761
111  13.08033187 -059.48485355
111  13.08052716 -059.48491122 20
111  13.08063492 -059.48481744
112  13.08063492 -059.48481744  13.08065919 -059.48475930 20
112  13.08084533 -059.48482360  13.08094403 -059.48485184
111  13.08084533 -059.48482360 20
111  13.08119907 -059.48493184 20
111  13.08127024 -059.48490553 20
111  13.08165928 -059.48374254
112  13.08165928 -059.48374254  13.08167384 -059.48368772 20
112  13.08161085 -059.48358698  13.08155260 -059.48354545
111  13.08161085 -059.48358698 20
111  13.08136015 -059.48340433
111  13.08136487 -059.48370946
111  13.08124681 -059.48373302
111  13.08116457 -059.48368254
111  13.08120920 -059.48364646
111  13.08107797 -059.48363609
111  13.08097835 -059.48363189
111  13.08098044 -059.48356490
111  13.08105848 -059.48356496
111  13.08105597 -059.48340298
111  13.08124697 -059.48341011 20
111  13.08126681 -059.48307653
112  13.08126681 -059.48307653  13.08126843 -059.48303002 20
112  13.08122019 -059.48294703  13.08119592 -059.48292212
111  13.08122019 -059.48294703 20
112  13.08105607 -059.48288181  13.08100591 -059.48288015
111  13.08105607 -059.48288181 20
111  13.08080511 -059.48295763
111  13.08082400 -059.48286663 20
112  13.08107386 -059.48280602  13.08113049 -059.48281100 20
111  13.08126546 -059.48286950
112  13.08126546 -059.48286950  13.08130753 -059.48289275 20
111  13.08138326 -059.48296380
112  13.08138326 -059.48296380  13.08131285 -059.48319778 20
112  13.08136366 -059.48330775  13.08142666 -059.48335340
111  13.08136366 -059.48330775 20
111  13.08142521 -059.48333722
111  13.08141879 -059.48299101
111  13.08156060 -059.48310388
111  13.08169381 -059.48310232
111  13.08169993 -059.48301926
111  13.08194775 -059.48303725
111  13.08191445 -059.48356011 20
111  13.08305813 -059.48361813
112  13.08305813 -059.48361813  13.08310566 -059.48362100 20
112  13.08316543 -059.48353984  13.08316866 -059.48352156
111  13.08316543 -059.48353984 20
111  13.08317941 -059.48336761
111  13.08322275 -059.48336631
111  13.08326602 -059.48337596 20
111  13.08313741 -059.48520730
112  13.08313741 -059.48520730  13.08312958 -059.48547713 20
112  13.08286487 -059.48619800  13.08281734 -059.48630134
111  13.08286487 -059.48619800 20
112  13.08235897 -059.48702201  13.08230771 -059.48710095
111  13.08235897 -059.48702201
112  13.08235897 -059.48702201  13.08231505 -059.48708965 20
112  13.08181700 -059.48763716  13.08170005 -059.48774666
111  13.08181700 -059.48763716
112  13.08181700 -059.48763716  13.08179747 -059.48765544 20
112  13.08181158 -059.48773358  13.08181091 -059.48775763
111  13.08181158 -059.48773358
112  13.08181158 -059.48773358  13.08181019 -059.48778313 20
112  13.08175768 -059.48791739  13.08171439 -059.48796764
111  13.08175768 -059.48791739
112  13.08175768 -059.48791739  13.08171098 -059.48797159 20
112  13.08159406 -059.48799092  13.08154596 -059.48799088
111  13.08159406 -059.48799092
112  13.08159406 -059.48799092  13.08157592 -059.48799090 20
112  13.08152113 -059.48801196  13.08150311 -059.48802955
111  13.08152113 -059.48801196
112  13.08152113 -059.48801196  13.08146368 -059.48806804 20
112  13.08132431 -059.48824175  13.08130728 -059.48829201
111  13.08132431 -059.48824175 20
111  13.08066788 -059.49089617
112  13.08066788 -059.49089617  13.08066384 -059.49091278 20
112  13.08068075 -059.49096755  13.08068708 -059.49098151
111  13.08068075 -059.49096755
112  13.08068075 -059.49096755  13.08069841 -059.49100651 20
112  13.08070476 -059.49112930  13.08070322 -059.49118916
111  13.08070476 -059.49112930
112  13.08070476 -059.49112930  13.08070372 -059.49116993
112  13.08068870 -059.49123846  13.08067907 -059.49126779
111  13.08068870 -059.49123846
112  13.08068870 -059.49123846  13.08067325 -059.49128553
112  13.08055341 -059.49141060  13.08047660 -059.49145905
111  13.08055341 -059.49141060
112  13.08055341 -059.49141060  13.08048658 -059.49145276
112  13.08027210 -059.49143509  13.08015004 -059.49139658
111  13.08027210 -059.49143509
112  13.08027210 -059.49143509  13.08021037 -059.49141561
112  13.08013183 -059.49135319  13.08009869 -059.49131966
111  13.08013183 -059.49135319
114  13.08013183 -059.49135319  13.08002415 -059.49124423 20
111  13.08020236 -059.48989259 20
111  13.08033020 -059.48989215
112  13.08033020 -059.48989215  13.08037604 -059.48989353 20
112  13.08052609 -059.48975723  13.08056331 -059.48970740
111  13.08052609 -059.48975723 20
111  13.08070170 -059.48955383
112  13.08070170 -059.48955383  13.08072894 -059.48952143 20
112  13.08077519 -059.48940278  13.08079046 -059.48934267
111  13.08077519 -059.48940278 20
111  13.08131580 -059.48730914
112  13.08131580 -059.48730914  13.08133910 -059.48723498 20
111  13.08139291 -059.48714027
112  13.08139291 -059.48714027  13.08141178 -059.48709597 20
112  13.08147163 -059.48697139  13.08146758 -059.48692987
111  13.08147163 -059.48697139 20
111  13.08147460 -059.48683805
112  13.08147460 -059.48683805  13.08147055 -059.48679375 20
112  13.08136044 -059.48674830  13.08132268 -059.48674000
111  13.08136044 -059.48674830 20
111  13.08096545 -059.48663251
112  13.08096545 -059.48663251  13.08093579 -059.48662420 20
112  13.08084173 -059.48671679  13.08081206 -059.48681093
111  13.08084173 -059.48671679 20
112  13.08018778 -059.48924702  13.08018643 -059.48931900
113  13.08018778 -059.48924702 20
112  13.08026188 -059.49081666  13.08028007 -059.49080867
111  13.08026188 -059.49081666
112  13.08026188 -059.49081666  13.08027853 -059.49080935 20
112  13.08031418 -059.49080005  13.08033710 -059.49079452 20
112  13.08037602 -059.49077791  13.08039382 -059.49076283
111  13.08037602 -059.49077791
112  13.08037602 -059.49077791  13.08042820 -059.49073373 20
112  13.08058108 -059.49048350  13.08062451 -059.49033240
111  13.08058108 -059.49048350 20
111  13.08080454 -059.48965999
112  13.08080454 -059.48965999  13.08081102 -059.48963508 20
112  13.08076688 -059.48963328  13.08074585 -059.48965820
111  13.08076688 -059.48963328 20
111  13.08059807 -059.48982049
112  13.08059807 -059.48982049  13.08055277 -059.48987364 20
112  13.08035590 -059.48998544  13.08023132 -059.49000704
111  13.08035590 -059.48998544 20
111  13.08020704 -059.48998876 20
114  13.08021731 -059.49078347  13.08021866 -059.49081669 20
112  13.08048495 -059.49094384  13.08037340 -059.49088910 20
112  13.08020762 -059.49102976  13.08015239 -059.49114035 20
112  13.08030146 -059.49130131  13.08040418 -059.49135331 20
114  13.08056613 -059.49120882  13.08059508 -059.49113615 20
112  13.08166267 -059.48762787  13.08159743 -059.48757046 20
112  13.08146482 -059.48762900  13.08141822 -059.48767205 20
112  13.08147647 -059.48785624  13.08154779 -059.48791604
111  13.08147647 -059.48785624
112  13.08147647 -059.48785624  13.08155102 -059.48791604 20
114  13.08168150 -059.48783232  13.08171412 -059.48778209 20
111  13.08066192 -059.49056879
112  13.08066192 -059.49056879  13.08063279 -059.49064686 20
111  13.08048342 -059.49082456
112  13.08048342 -059.49082456  13.08052225 -059.49082622 20
112  13.08058217 -059.49087381  13.08060482 -059.49090039
113  13.08058217 -059.49087381 20
111  13.08122444 -059.48819099
112  13.08122444 -059.48819099  13.08124282 -059.48814757 20
112  13.08140263 -059.48797792  13.08145332 -059.48792538
111  13.08140263 -059.48797792
112  13.08140263 -059.48797792  13.08141617 -059.48796388 20
112  13.08139771 -059.48791249  13.08138526 -059.48789957
111  13.08139771 -059.48791249
112  13.08139771 -059.48791249  13.08136796 -059.48788160 20
112  13.08133499 -059.48778707  13.08132573 -059.48773736
111  13.08133499 -059.48778707
112  13.08133499 -059.48778707  13.08133156 -059.48771989 20
112  13.08135929 -059.48761537  13.08137308 -059.48758075
111  13.08135929 -059.48761537
112  13.08135929 -059.48761537  13.08136875 -059.48759162 20
112  13.08143642 -059.48752597  13.08147126 -059.48749879
111  13.08143642 -059.48752597
112  13.08143642 -059.48752597  13.08145235 -059.48751354 20
112  13.08148490 -059.48744319  13.08148813 -059.48739774
111  13.08148490 -059.48744319 20
111  13.08149015 -059.48724681 20
111  13.08138614 -059.48740181 20
111  13.08085938 -059.48938948
112  13.08085938 -059.48938948  13.08085129 -059.48941440 20
112  13.08090617 -059.48939876  13.08091587 -059.48937052
113  13.08090617 -059.48939876 20
110 2 0.00 0.0000 Tanks Pad
112  13.07758927 -059.49312378  13.07763218 -059.49314192
112  13.07762824 -059.49321457  13.07762015 -059.49323533
112  13.07754268 -059.49325485  13.07749280 -059.49323547
114  13.07750177 -059.49316240  13.07750986 -059.49313887
110 2 0.00 0.0000 Tanks Pad
112  13.07682286 -059.49549295  13.07694066 -059.49553016
112  13.07691347 -059.49571001  13.07689535 -059.49575652
112  13.07672016 -059.49579684  13.07660840 -059.49575342
114  13.07662351 -059.49558287  13.07664163 -059.49553016
110 2 0.00 0.0000 Tanks Pad
112  13.07692053 -059.49517373  13.07703832 -059.49521095
112  13.07701114 -059.49539079  13.07699302 -059.49543731
112  13.07681783 -059.49547762  13.07670607 -059.49543421
114  13.07672117 -059.49526366  13.07673930 -059.49521094
110 2 0.00 0.0000 Tanks Pad
112  13.07773120 -059.49318725  13.07777932 -059.49320616
112  13.07777240 -059.49327358  13.07776431 -059.49329434
112  13.07769125 -059.49331366  13.07764359 -059.49329734
114  13.07764939 -059.49322739  13.07765748 -059.49320386
110 2 0.00 76.0000 Term Pad
111  13.08017229 -059.48907391
111  13.08011945 -059.48906099
111  13.08011945 -059.48906099
111  13.07993194 -059.48968314
111  13.07973515 -059.48964148
111  13.07963304 -059.48949347
111  13.07923089 -059.48938753
111  13.07932290 -059.48904978
111  13.07913246 -059.48899931
111  13.07911700 -059.48904482
111  13.07914815 -059.48906428
111  13.07912897 -059.48913777
111  13.07908427 -059.48912596
111  13.07906009 -059.48919377
111  13.07892541 -059.48916102
111  13.07914689 -059.48825695
111  13.07918986 -059.48826671
111  13.07919841 -059.48823507
111  13.07925583 -059.48799573
111  13.07922212 -059.48796329
111  13.07978134 -059.48565987
111  13.07982949 -059.48567539
111  13.07984530 -059.48560548
112  13.07970880 -059.48557128  13.07970203 -059.48556905
111  13.07970880 -059.48557128
112  13.07970880 -059.48557128  13.07967393 -059.48555982
111  13.07963903 -059.48561423
111  13.07968347 -059.48542916
112  13.07973908 -059.48549897  13.07977117 -059.48550899
111  13.07973908 -059.48549897
111  13.07986332 -059.48553725
111  13.07987704 -059.48548640
111  13.07994479 -059.48550549
111  13.07993636 -059.48553860
112  13.07993636 -059.48553860  13.07993345 -059.48555451
111  13.07995006 -059.48556334
111  13.08003382 -059.48558853
111  13.08004912 -059.48553668
111  13.08014850 -059.48509409
111  13.08028987 -059.48513552
111  13.08021292 -059.48544420
111  13.08016336 -059.48565260
111  13.08005819 -059.48609881
111  13.08075077 -059.48627923
111  13.08078335 -059.48617226
111  13.08091322 -059.48620630
111  13.08085539 -059.48644470
111  13.08078170 -059.48642156
111  13.08054917 -059.48648742
111  13.08041970 -059.48644069
111  13.08044088 -059.48634781
111  13.08019954 -059.48627953
111  13.08015611 -059.48639792
111  13.08005529 -059.48636343
111  13.07998620 -059.48665963
111  13.08005529 -059.48636343
111  13.08015611 -059.48639792
111  13.08019954 -059.48627953
111  13.08044088 -059.48634781
111  13.08041970 -059.48644069
111  13.08054917 -059.48648742
111  13.08078170 -059.48642156
111  13.08072483 -059.48665388
111  13.08078556 -059.48667652
111  13.08053910 -059.48757114
111  13.08039434 -059.48816301
111  13.08038644 -059.48819531
112  13.08038644 -059.48819531  13.08037939 -059.48823154
112  13.08043661 -059.48833737  13.08045602 -059.48835186
111  13.08043661 -059.48833737
112  13.08043661 -059.48833737  13.08041015 -059.48835730
111  13.08040603 -059.48847905
112  13.08040603 -059.48847905  13.08037251 -059.48848268
112  13.08029466 -059.48858033  13.08028408 -059.48860931
113  13.08029466 -059.48858033
111  13.08000237 -059.48571613
111  13.08001787 -059.48564850
111  13.07993941 -059.48562563
112  13.07991229 -059.48563358  13.07990647 -059.48564950
111  13.07991229 -059.48563358
113  13.07989969 -059.48568530
110 1 0.00 0.0000 TXWY East
112  13.07155012 -059.50699484  13.07171525 -059.50704178
111  13.07155012 -059.50699484 3 102
111  13.07209948 -059.50713456
112  13.07209948 -059.50713456  13.07229608 -059.50718352 3 102
112  13.07258852 -059.50686450  13.07263998 -059.50665320
111  13.07258852 -059.50686450 3 102
111  13.07369082 -059.50238883
112  13.07369082 -059.50238883  13.07371532 -059.50227437
112  13.07357200 -059.50219145  13.07348317 -059.50216777
111  13.07357200 -059.50219145
111  13.07285871 -059.50201277
111  13.07295959 -059.50157087
112  13.07311341 -059.50167610  13.07317810 -059.50170175
111  13.07311341 -059.50167610
111  13.07358256 -059.50179783
112  13.07358256 -059.50179783  13.07369870 -059.50182801
112  13.07377431 -059.50164795  13.07380518 -059.50152116
111  13.07377431 -059.50164795
111  13.07381264 -059.50165738
111  13.07367104 -059.50219144
111  13.07395260 -059.50226113 3 102
111  13.07280058 -059.50693230
112  13.07280058 -059.50693230  13.07273590 -059.50716926 3 102
112  13.07205053 -059.50736303  13.07158889 -059.50724681
111  13.07205053 -059.50736303 3 102
111  13.07116368 -059.50712653
113  13.07128685 -059.50663293 3 102
110 2 0.00 76.0000 Pad
111  13.07853637 -059.47711756
111  13.07862498 -059.47714206
111  13.07864781 -059.47716827
111  13.07867269 -059.47713477
111  13.07874531 -059.47715387
111  13.07871641 -059.47726558
112  13.07871641 -059.47726558  13.07875580 -059.47735396
112  13.07862679 -059.47761542  13.07848062 -059.47774122
111  13.07862679 -059.47761542
111  13.07861922 -059.47770094
111  13.07852872 -059.47774637
112  13.07852872 -059.47774637  13.07847262 -059.47776790
111  13.07833709 -059.47794419
111  13.07833166 -059.47794325
111  13.07832344 -059.47781744
113  13.07850139 -059.47713244
110 1 0.00 76.0000 Road
111  13.07403376 -059.50467538
111  13.07548486 -059.49883245
112  13.07534363 -059.49874866  13.07529002 -059.49873384
111  13.07534363 -059.49874866
111  13.07508021 -059.49868051
112  13.07508021 -059.49868051  13.07502247 -059.49866358
111  13.07490393 -059.49869671
111  13.07489864 -059.49864457
111  13.07492931 -059.49851687
111  13.07495881 -059.49847986
112  13.07510130 -059.49858683  13.07515904 -059.49860377
111  13.07510130 -059.49858683
111  13.07536761 -059.49865685
112  13.07536761 -059.49865685  13.07541710 -059.49867167
111  13.07552316 -059.49865942
111  13.07685800 -059.49327311
111  13.07713048 -059.49212186
111  13.07732300 -059.49226769
111  13.07749084 -059.49239444
111  13.07764786 -059.49245842
112  13.07780583 -059.49252280  13.07785605 -059.49248980
111  13.07780583 -059.49252280
111  13.07786498 -059.49234972
111  13.07797152 -059.49243843
111  13.07807956 -059.49260975
111  13.07811710 -059.49255964
111  13.07789765 -059.49196328
111  13.07803093 -059.49164889
111  13.07833525 -059.49047007
111  13.07802736 -059.49037734
111  13.07814123 -059.48991285
111  13.07857709 -059.49001263
112  13.07857709 -059.49001263  13.07857968 -059.48999726
111  13.07860539 -059.48966559
112  13.07863490 -059.48944343  13.07864486 -059.48941788
111  13.07863490 -059.48944343
111  13.07962412 -059.48541287
111  13.07957742 -059.48560353
111  13.07978134 -059.48565987
111  13.07922212 -059.48796329
112  13.07918552 -059.48797507  13.07917905 -059.48797916
111  13.07918552 -059.48797507
112  13.07918552 -059.48797507  13.07917544 -059.48798144
112  13.07917065 -059.48802419  13.07918622 -059.48803019
111  13.07917065 -059.48802419
111  13.07920719 -059.48802368
111  13.07915917 -059.48820485
111  13.07915917 -059.48820485
111  13.07913756 -059.48817796
112  13.07913756 -059.48817796  13.07912847 -059.48816663
112  13.07912093 -059.48823350  13.07913877 -059.48827014
111  13.07912093 -059.48823350
111  13.07914689 -059.48825695
111  13.07892541 -059.48916102
111  13.07890716 -059.48923768
111  13.07880937 -059.48921473
111  13.07878859 -059.48929649
111  13.07958733 -059.48948594
112  13.07947557 -059.48953704  13.07939724 -059.48951229
111  13.07947557 -059.48953704
111  13.07899015 -059.48940904
111  13.07885309 -059.48999894
111  13.07887636 -059.49000474
111  13.07886843 -059.49006795
111  13.07874178 -059.49086657
111  13.07848840 -059.49081384
111  13.07845486 -059.49088383
111  13.07851855 -059.49122757
111  13.07839956 -059.49129359
111  13.07829518 -059.49190228
111  13.07844253 -059.49189668
111  13.07845311 -059.49220122
111  13.07854022 -059.49256526
111  13.07817470 -059.49260489
112  13.07823673 -059.49270606  13.07828416 -059.49272611
111  13.07823673 -059.49270606
111  13.07838373 -059.49276340
111  13.07836042 -059.49283666
111  13.07785283 -059.49263416
111  13.07740808 -059.49243770
112  13.07740808 -059.49243770  13.07737623 -059.49242501
112  13.07731132 -059.49242915  13.07728179 -059.49243319
111  13.07731132 -059.49242915
111  13.07725139 -059.49244760
111  13.07699131 -059.49347595
111  13.07709844 -059.49350355
111  13.07694949 -059.49405913
111  13.07702872 -059.49408396
111  13.07686037 -059.49473904
111  13.07660722 -059.49466103
111  13.07596037 -059.49720928
111  13.07578881 -059.49789910
111  13.07552015 -059.49897938
111  13.07549392 -059.49912107
112  13.07552268 -059.49916369  13.07554942 -059.49916966
111  13.07552268 -059.49916369
111  13.07556072 -059.49917728
111  13.07557281 -059.49899220
111  13.07582523 -059.49905367
111  13.07580573 -059.49913403
111  13.07583723 -059.49914371
111  13.07584846 -059.49910926
111  13.07634033 -059.49923266
112  13.07634033 -059.49923266  13.07638150 -059.49924260
112  13.07647699 -059.49923564  13.07653834 -059.49925967
111  13.07647699 -059.49923564
111  13.07646166 -059.49929305
112  13.07634063 -059.49933137  13.07628816 -059.49931977
111  13.07634063 -059.49933137
111  13.07600767 -059.49925070
111  13.07596994 -059.49926366
111  13.07579435 -059.49921811
111  13.07557320 -059.49923876
111  13.07551127 -059.49922577
112  13.07551127 -059.49922577  13.07548570 -059.49921981
111  13.07545503 -059.49924979
111  13.07521474 -059.50024750
112  13.07521474 -059.50024750  13.07520893 -059.50027335
111  13.07525601 -059.50029048
111  13.07564603 -059.50040206
111  13.07588894 -059.50046876
111  13.07580279 -059.50078710
111  13.07555838 -059.50072163
111  13.07563081 -059.50045418
111  13.07524331 -059.50034700
112  13.07519089 -059.50036308  13.07518314 -059.50039093
111  13.07519089 -059.50036308
111  13.07466180 -059.50247414
112  13.07470461 -059.50251676  13.07472777 -059.50252310
111  13.07470461 -059.50251676
111  13.07486361 -059.50256110
112  13.07486361 -059.50256110  13.07490141 -059.50257251
112  13.07497111 -059.50253047  13.07502670 -059.50254189
111  13.07497111 -059.50253047
111  13.07514307 -059.50257950
112  13.07514307 -059.50257950  13.07516975 -059.50258406
112  13.07523302 -059.50267814  13.07522412 -059.50272151
111  13.07523302 -059.50267814
111  13.07520657 -059.50282390
112  13.07520657 -059.50282390  13.07520212 -059.50285358
112  13.07514657 -059.50287450  13.07513990 -059.50290874
112  13.07504707 -059.50296925  13.07497147 -059.50295328
111  13.07504707 -059.50296925
111  13.07481298 -059.50292174
111  13.07486065 -059.50270367
112  13.07486065 -059.50270367  13.07486510 -059.50267627
112  13.07482112 -059.50264653  13.07479888 -059.50263740
111  13.07482112 -059.50264653
111  13.07468555 -059.50260844
112  13.07468555 -059.50260844  13.07465776 -059.50260210
111  13.07461117 -059.50263440
111  13.07421052 -059.50424539
111  13.07472801 -059.50439418
113  13.07460504 -059.50484952
111  13.07892437 -059.48907155
111  13.07893827 -059.48901489
111  13.07888527 -059.48899715
113  13.07887248 -059.48905437
111  13.07900743 -059.48872411
111  13.07895777 -059.48871035
111  13.07890195 -059.48893354
113  13.07895339 -059.48895022
111  13.07906498 -059.48848336
111  13.07907555 -059.48844093
111  13.07903039 -059.48842890
113  13.07902034 -059.48847015
111  13.07936558 -059.48724139
111  13.07932098 -059.48722925
111  13.07918748 -059.48778236
113  13.07923501 -059.48779474
111  13.07952303 -059.48660238
111  13.07948231 -059.48659014
111  13.07934606 -059.48714365
113  13.07938614 -059.48715446
111  13.07955056 -059.48649922
111  13.07950434 -059.48648521
111  13.07949517 -059.48652522
113  13.07954079 -059.48653797
111  13.07967001 -059.48602061
111  13.07962551 -059.48600647
111  13.07960985 -059.48607192
113  13.07965516 -059.48608486
111  13.07971628 -059.48583412
111  13.07967481 -059.48582214
111  13.07964299 -059.48595562
113  13.07968405 -059.48596695
111  13.07973029 -059.48577589
111  13.07974441 -059.48571544
111  13.07970128 -059.48570310
113  13.07968755 -059.48576256
111  13.07826744 -059.49040868
111  13.07832653 -059.49018591
111  13.07813764 -059.49012326
113  13.07807758 -059.49035398
110 1 0.00 45.0000 Taxiway E
111  13.07666335 -059.48981515
112  13.07669910 -059.48946578  13.07670251 -059.48943777
112  13.07677124 -059.48910304  13.07678516 -059.48900920
111  13.07677124 -059.48910304
112  13.07677124 -059.48910304  13.07680553 -059.48898009
112  13.07661507 -059.48897972  13.07655630 -059.48904276
111  13.07661507 -059.48897972
111  13.07539652 -059.49029529
111  13.07526924 -059.49015611
111  13.07562582 -059.48863043
111  13.07581526 -059.48858255
111  13.07584708 -059.48876436
112  13.07584708 -059.48876436  13.07586113 -059.48889229
112  13.07607415 -059.48882014  13.07612914 -059.48876721
111  13.07607415 -059.48882014
111  13.07763787 -059.48714784
111  13.07838532 -059.48411400
112  13.07838532 -059.48411400  13.07841607 -059.48397335
112  13.07820475 -059.48380059  13.07804952 -059.48376528
111  13.07820475 -059.48380059
111  13.07752289 -059.48363796
111  13.07745678 -059.48362216
111  13.07753149 -059.48325966
111  13.07760287 -059.48328307
111  13.07828326 -059.48345331
112  13.07828326 -059.48345331  13.07847810 -059.48350758
112  13.07858690 -059.48324774  13.07863063 -059.48306299
111  13.07858690 -059.48324774
111  13.07940477 -059.47994027
111  13.07932256 -059.47991599
111  13.07972161 -059.47827305
112  13.07972161 -059.47827305  13.07976793 -059.47807916
112  13.07954149 -059.47793735  13.07943102 -059.47791175
111  13.07954149 -059.47793735
112  13.07861922 -059.47770094  13.07855967 -059.47771419
111  13.07861922 -059.47770094
111  13.07852872 -059.47774637
111  13.07864781 -059.47716827
111  13.07867269 -059.47713477
111  13.07874531 -059.47715387
111  13.07979544 -059.47743012
112  13.07979544 -059.47743012  13.08002189 -059.47749783
112  13.08022675 -059.47853819  13.08006041 -059.47927509
111  13.08022675 -059.47853819
111  13.07983607 -059.48009217
112  13.07983607 -059.48009217  13.07982461 -059.48013922
112  13.07990881 -059.48024797  13.07996323 -059.48026120
111  13.07990881 -059.48024797
111  13.08030856 -059.48036229
111  13.07911174 -059.48524429
111  13.07844025 -059.48507162
111  13.07824332 -059.48501413
111  13.07770490 -059.48718830
111  13.07718808 -059.48777355
111  13.07682664 -059.48905994
111  13.07674656 -059.48943750
113  13.07670884 -059.48980170
110 2 0.00 0.0000 Cncrt Apron
111  13.07713048 -059.49212186
111  13.07768929 -059.48980034
111  13.07702486 -059.48963438
111  13.07749320 -059.48773104
111  13.07816387 -059.48790709
111  13.07838575 -059.48701125
111  13.07865563 -059.48708441
111  13.07911174 -059.48524429
111  13.08030856 -059.48036229
111  13.08088891 -059.48051971
111  13.08042222 -059.48242577
111  13.08029794 -059.48292405
111  13.08015632 -059.48351179
111  13.07994263 -059.48436713
111  13.07968347 -059.48542916
111  13.07963903 -059.48561423
111  13.07900628 -059.48793696
111  13.07863490 -059.48944343
112  13.07863490 -059.48944343  13.07862473 -059.48946919
111  13.07860539 -059.48966559
112  13.07857709 -059.49001263  13.07857449 -059.49002800
111  13.07857709 -059.49001263
111  13.07814123 -059.48991285
111  13.07802736 -059.49037734
111  13.07833525 -059.49047007
111  13.07803093 -059.49164889
111  13.07800188 -059.49196257
111  13.07789765 -059.49196328
111  13.07811710 -059.49255964
111  13.07786498 -059.49234972
111  13.07769914 -059.49233859
111  13.07770463 -059.49216144
111  13.07732300 -059.49226769
111  13.07726168 -059.49247138
111  13.07732161 -059.49245293
111  13.07731823 -059.49253034
112  13.07731823 -059.49253034  13.07731501 -059.49256667
111  13.07734217 -059.49260620
111  13.07738633 -059.49248838
111  13.07766742 -059.49259485
111  13.07759273 -059.49279138
111  13.07758436 -059.49290650
111  13.07752894 -059.49288802
111  13.07743985 -059.49305315
111  13.07741016 -059.49315477
111  13.07748192 -059.49318525
111  13.07735759 -059.49349834
111  13.07701242 -059.49338589
111  13.07685800 -059.49327311
112  13.07677987 -059.49315965  13.07680578 -059.49306977
111  13.07677987 -059.49315965
111  13.07683481 -059.49292947
111  13.07657002 -059.49286294
112  13.07657002 -059.49286294  13.07652613 -059.49285007
112  13.07628139 -059.49301398  13.07618633 -059.49309212
111  13.07628139 -059.49301398
111  13.07624791 -059.49302830
113  13.07651502 -059.49197129
110 2 0.00 0.0000 TXwy D-Apron-Txwy C
111  13.07308256 -059.49248669
111  13.07308436 -059.49241433
112  13.07314675 -059.49227113  13.07325615 -059.49225039
112  13.07317917 -059.49214127  13.07310342 -059.49213609
111  13.07317917 -059.49214127
111  13.07311954 -059.49214608
111  13.07311384 -059.49224630
111  13.07287173 -059.49224647
111  13.07286957 -059.49185792
111  13.07311650 -059.49186436
111  13.07311769 -059.49192531
112  13.07311769 -059.49192531  13.07317155 -059.49192185
112  13.07323099 -059.49183435  13.07323267 -059.49178078
111  13.07323099 -059.49183435
111  13.07322802 -059.49151770
111  13.07322591 -059.49127206
111  13.07323426 -059.49119002
111  13.07327377 -059.49101653
111  13.07332001 -059.49098758
111  13.07333299 -059.49093915
112  13.07333299 -059.49093915  13.07335166 -059.49088832
111  13.07344737 -059.49089937
111  13.07344738 -059.49057104
112  13.07344738 -059.49057104  13.07344855 -059.49053504
111  13.07352821 -059.49051818
112  13.07352821 -059.49051818  13.07353990 -059.49035978
112  13.07387661 -059.49047533  13.07393739 -059.49060973
111  13.07387661 -059.49047533
111  13.07404520 -059.49066508
112  13.07404520 -059.49066508  13.07408788 -059.49070577
112  13.07409906 -059.49062377  13.07410636 -059.49056044
111  13.07409906 -059.49062377
112  13.07409906 -059.49062377  13.07410636 -059.49055291
112  13.07401213 -059.49005122  13.07387673 -059.48992122
111  13.07401213 -059.49005122
111  13.07371308 -059.48997709
112  13.07371308 -059.48997709  13.07367650 -059.48996770
112  13.07370212 -059.49002107  13.07373816 -059.49003407
111  13.07370212 -059.49002107
111  13.07368090 -059.49010960
111  13.07336179 -059.49001255
111  13.07332986 -059.49009905
111  13.07299879 -059.49001636
111  13.07296464 -059.48987069
111  13.07275855 -059.48971374
111  13.07289066 -059.48955610
111  13.07323228 -059.48943255
111  13.07331407 -059.48944091
111  13.07333101 -059.48949307
112  13.07333101 -059.48949307  13.07338649 -059.48946440
112  13.07328655 -059.48939309  13.07322364 -059.48941532
111  13.07328655 -059.48939309
111  13.07277520 -059.48956458
111  13.07272025 -059.48945290
112  13.07362283 -059.48918492  13.07372159 -059.48916131
111  13.07387188 -059.48916192
112  13.07389311 -059.48896959  13.07390329 -059.48891774
111  13.07389311 -059.48896959
112  13.07389311 -059.48896959  13.07390956 -059.48890368
111  13.07397342 -059.48874213
111  13.07403295 -059.48876022
112  13.07403295 -059.48876022  13.07406797 -059.48882264
112  13.07398447 -059.48903890  13.07391117 -059.48912966
111  13.07398447 -059.48903890
112  13.07398447 -059.48903890  13.07396753 -059.48910410
112  13.07401316 -059.48919984  13.07399084 -059.48926928
111  13.07393111 -059.48946570
112  13.07393111 -059.48946570  13.07391091 -059.48953482
112  13.07416570 -059.48957389  13.07432729 -059.48954279
111  13.07416570 -059.48957389
111  13.07495298 -059.48945349
112  13.07495298 -059.48945349  13.07504555 -059.48939128
111  13.07514804 -059.48930873
111  13.07514744 -059.48942166
111  13.07496260 -059.49021543
111  13.07481317 -059.49030354 102
111  13.07388164 -059.49118139
112  13.07384138 -059.49130828  13.07381949 -059.49141196
112  13.07354167 -059.49192965  13.07343057 -059.49209036
111  13.07354167 -059.49192965
112  13.07354167 -059.49192965  13.07340701 -059.49215084
111  13.07349246 -059.49231325
111  13.07411024 -059.49264848
111  13.07436857 -059.49250666
111  13.07438407 -059.49255616
111  13.07419197 -059.49336271
111  13.07414823 -059.49340361
112  13.07414823 -059.49340361  13.07369725 -059.49326391
111  13.07409189 -059.49282300
111  13.07406664 -059.49275944
111  13.07346646 -059.49242089
111  13.07337335 -059.49243371
113  13.07334559 -059.49251699
111  13.07387547 -059.49099567 102
111  13.07398294 -059.49088999
112  13.07398294 -059.49088999  13.07401846 -059.49083906
112  13.07396656 -059.49071224  13.07391321 -059.49066530
111  13.07396656 -059.49071224
111  13.07381675 -059.49054281
111  13.07371548 -059.49047528
112  13.07361757 -059.49053988  13.07360732 -059.49057652
111  13.07361757 -059.49053988
112  13.07361757 -059.49053988  13.07361819 -059.49057843
112  13.07367831 -059.49062427  13.07367478 -059.49069128
111  13.07367831 -059.49062427
113  13.07367539 -059.49094983
111  13.07452964 -059.49036754
112  13.07452964 -059.49036754  13.07461432 -059.49028930 102
112  13.07448391 -059.49020062  13.07440483 -059.49017450
111  13.07448391 -059.49020062
111  13.07415150 -059.49009075
112  13.07418325 -059.49034737  13.07418130 -059.49043837
111  13.07418325 -059.49034737
112  13.07418325 -059.49034737  13.07418520 -059.49043637
111  13.07416921 -059.49063273
112  13.07416921 -059.49063273  13.07416497 -059.49065446
112  13.07421240 -059.49063534  13.07424162 -059.49060733
113  13.07421240 -059.49063534 102
111  13.07471834 -059.49013289
112  13.07471834 -059.49013289  13.07477922 -059.49014261 102
111  13.07489131 -059.48998542 102
111  13.07493768 -059.48991566
111  13.07501525 -059.48961856
111  13.07499947 -059.48954516
112  13.07495283 -059.48952003  13.07492743 -059.48952438
111  13.07495283 -059.48952003
111  13.07417992 -059.48964285
112  13.07417992 -059.48964285  13.07398727 -059.48968197
112  13.07402005 -059.48981256  13.07410679 -059.48989098
111  13.07402005 -059.48981256
112  13.07402005 -059.48981256  13.07406469 -059.48986090
113  13.07414334 -059.48998380
111  13.07397202 -059.48994229
112  13.07397202 -059.48994229  13.07399299 -059.48994993
112  13.07397951 -059.48990373  13.07396531 -059.48988637
111  13.07397951 -059.48990373
111  13.07392803 -059.48983727
112  13.07392803 -059.48983727  13.07391450 -059.48981922
112  13.07386663 -059.48982641  13.07384899 -059.48985357
111  13.07386663 -059.48982641
111  13.07383240 -059.48988654
111  13.07374807 -059.48986118
112  13.07374807 -059.48986118  13.07377445 -059.48983062
112  13.07374278 -059.48976990  13.07370750 -059.48975903
111  13.07374278 -059.48976990
111  13.07364998 -059.48977062
112  13.07364998 -059.48977062  13.07364842 -059.48979594
112  13.07361893 -059.48980902  13.07359952 -059.48981807
111  13.07352155 -059.48980793
112  13.07352155 -059.48980793  13.07349508 -059.48980612
112  13.07351908 -059.48982785  13.07354569 -059.48983509
113  13.07351908 -059.48982785
111  13.07357871 -059.48964956
112  13.07357871 -059.48964956  13.07363164 -059.48964738
112  13.07356481 -059.48961266  13.07352035 -059.48960831
111  13.07356481 -059.48961266
111  13.07346153 -059.48959286
111  13.07350875 -059.48933753
111  13.07365069 -059.48936267
111  13.07364434 -059.48939309
111  13.07383064 -059.48943439
112  13.07383064 -059.48943439  13.07389477 -059.48944189
112  13.07381509 -059.48927800  13.07373310 -059.48926633
111  13.07381509 -059.48927800
111  13.07361682 -059.48926779
112  13.07361682 -059.48926779  13.07356649 -059.48927279
112  13.07346904 -059.48938184  13.07345846 -059.48944052
111  13.07346904 -059.48938184
111  13.07342840 -059.48956914
112  13.07346650 -059.48965608  13.07350547 -059.48965024
113  13.07346650 -059.48965608
111  13.07399718 -059.48887735
111  13.07396331 -059.48898819
112  13.07399830 -059.48894014  13.07400328 -059.48892596
111  13.07399830 -059.48894014
114  13.07399830 -059.48894014  13.07400532 -059.48891619
111  13.07401835 -059.48878389
111  13.07400353 -059.48885344
114  13.07402404 -059.48883605  13.07402789 -059.48882163
110 1 0.00 75.8000 Pad
111  13.08124907 -059.48061076
111  13.08125413 -059.48060148
111  13.08124690 -059.48062375
111  13.08069136 -059.48287157
111  13.08082400 -059.48286663
111  13.08080511 -059.48295763
111  13.08066274 -059.48296753
113  13.08069136 -059.48287157
110 1 0.00 75.8000 Pad
111  13.08083351 -059.48051188
111  13.08088891 -059.48051971
111  13.08054620 -059.48191944
111  13.08042222 -059.48242577
111  13.08015632 -059.48351179
111  13.08051141 -059.48361693
111  13.08021767 -059.48481844
111  13.08033187 -059.48485355
111  13.08026182 -059.48512736
111  13.08014850 -059.48509409
111  13.08004912 -059.48553668
111  13.07994479 -059.48550549
111  13.07987488 -059.48548544
111  13.07968347 -059.48542916
111  13.07994263 -059.48436713
111  13.08015632 -059.48351179
111  13.08029794 -059.48292405
111  13.08042222 -059.48242577
111  13.08054620 -059.48191944
113  13.08088891 -059.48051971
110 2 0.00 75.8000 Pad
111  13.08088891 -059.48051971
111  13.08124690 -059.48062375
111  13.08066274 -059.48296753
111  13.08065053 -059.48302179
111  13.08029794 -059.48292405
111  13.08054620 -059.48191944
111  13.08088891 -059.48051971
113  13.08083351 -059.48051188
111  13.08089277 -059.48126304
112  13.08089277 -059.48126304  13.08091286 -059.48117230
112  13.08076221 -059.48115374  13.08074614 -059.48121767
111  13.08076221 -059.48115374
111  13.08066981 -059.48152699
112  13.08066981 -059.48152699  13.08065575 -059.48158886
112  13.08082850 -059.48153524  13.08085260 -059.48146513
113  13.08082850 -059.48153524
112  13.08055331 -059.48265706  13.08056737 -059.48261170
111  13.08055331 -059.48265706
111  13.08056737 -059.48259314
111  13.08049907 -059.48256427
111  13.08047296 -059.48265913
114  13.08047296 -059.48265913  13.08045689 -059.48271274
110 2 0.00 345.0000 Pad Txwy
111  13.07326456 -059.49105528
111  13.07309428 -059.49100473
111  13.07311284 -059.49092970
111  13.07332001 -059.49098758
113  13.07331227 -059.49102837
110 2 0.00 345.0000 Pad Txwy
111  13.07322802 -059.49151770
111  13.07298083 -059.49144673
111  13.07300112 -059.49136007
113  13.07322777 -059.49143263
110 1 0.00 345.0000 H Pad
111  13.07284098 -059.49101044
111  13.07290269 -059.49077506
111  13.07313397 -059.49083541
111  13.07311284 -059.49092970
111  13.07309428 -059.49100473
113  13.07307663 -059.49107718
110 1 0.00 345.0000 H Pad
111  13.07273319 -059.49145437
111  13.07278358 -059.49123450
111  13.07301486 -059.49129484
111  13.07300112 -059.49136007
111  13.07298083 -059.49144673
113  13.07296340 -059.49151305
110 2 0.00 76.0000 H Pad Lkd
111  13.07724112 -059.49483835
111  13.07686037 -059.49473904
111  13.07702872 -059.49408396
111  13.07694949 -059.49405913
111  13.07707043 -059.49361232
111  13.07709844 -059.49350355
111  13.07749160 -059.49363532
111  13.07746582 -059.49389017
112  13.07746582 -059.49389017  13.07746401 -059.49402347
112  13.07739330 -059.49410745  13.07734447 -059.49410058
113  13.07739330 -059.49410745
110 2 0.00 0.0000 PrknLotAuto
111  13.07954593 -059.49061571
111  13.07954900 -059.49029417
111  13.07962423 -059.49029732
112  13.07962423 -059.49029732  13.07962423 -059.49024846
111  13.07959595 -059.49021181
111  13.07972537 -059.49022528
112  13.07970713 -059.49029574  13.07970713 -059.49032411
111  13.07970713 -059.49029574
111  13.07999423 -059.49029889
113  13.07999423 -059.49062359
110 2 0.00 0.0000 PadCncrt
111  13.07599206 -059.49909255
111  13.07582523 -059.49905367
111  13.07557281 -059.49899220
111  13.07552015 -059.49897938
111  13.07578881 -059.49789910
112  13.07589689 -059.49784537  13.07594707 -059.49785858
111  13.07589689 -059.49784537
111  13.07610659 -059.49790652
111  13.07601655 -059.49823763
111  13.07605273 -059.49825030
111  13.07596046 -059.49858480
113  13.07611309 -059.49862565
110 2 0.00 0.0000 Tanks Pad
111  13.07746448 -059.50267032
111  13.07820658 -059.50120613
111  13.07907043 -059.50167634
113  13.07833993 -059.50314647
110 2 0.00 0.0000 WareHse Pad
111  13.07586576 -059.49775787
111  13.07599928 -059.49721308
111  13.07618612 -059.49726464
111  13.07621588 -059.49713542
111  13.07636244 -059.49717235
111  13.07632936 -059.49731948
111  13.07666446 -059.49739171
111  13.07674982 -059.49703137
111  13.07721208 -059.49716722
111  13.07711689 -059.49758542
111  13.07764827 -059.49774536
113  13.07752554 -059.49821020
110 1 0.00 0.0000 WareHse Pad
111  13.07781865 -059.49447501
111  13.07782525 -059.49376261
111  13.07791859 -059.49355636
111  13.07798427 -059.49351814
111  13.07860478 -059.49378018
111  13.07851099 -059.49403384
111  13.07867137 -059.49409867
113  13.07842457 -059.49471762
110 1 0.00 0.0000 WareHse Pad
111  13.07855196 -059.49360303
111  13.07870807 -059.49327772
111  13.07886184 -059.49335187
111  13.07895504 -059.49339971
113  13.07880126 -059.49373459
110 1 0.25 0.0000 DkAsphalt
111  13.07116368 -059.50712653
111  13.07111379 -059.50705275
111  13.07120387 -059.50668607
111  13.07128522 -059.50663186
111  13.07149219 -059.50696535
111  13.07146021 -059.50707578
111  13.07198426 -059.50722616
113  13.07195634 -059.50733911
110 1 0.25 0.0000 DkAsphlt
112  13.07247261 -059.50218976  13.07244174 -059.50231654
111  13.07247261 -059.50218976
111  13.07238148 -059.50216887
111  13.07231794 -059.50201772
111  13.07259894 -059.50093581
111  13.07271481 -059.50080524
111  13.07271674 -059.50080390
111  13.07276729 -059.50085340
112  13.07295959 -059.50157087  13.07304957 -059.50177734
111  13.07295959 -059.50157087
111  13.07293024 -059.50169943
111  13.07362695 -059.50188602
111  13.07361586 -059.50193007
111  13.07358952 -059.50192131
111  13.07357746 -059.50196477
111  13.07356014 -059.50195969
111  13.07357142 -059.50191698
111  13.07350436 -059.50190165
111  13.07347438 -059.50194443
111  13.07345936 -059.50193509
111  13.07348787 -059.50189502
111  13.07326652 -059.50183539
111  13.07325190 -059.50188572
111  13.07323297 -059.50187993
111  13.07324713 -059.50182924
111  13.07314826 -059.50180360
111  13.07316420 -059.50186316
111  13.07314538 -059.50186316
111  13.07312725 -059.50179894
111  13.07302148 -059.50176981
111  13.07297820 -059.50182068
111  13.07295910 -059.50181459
111  13.07300065 -059.50176402
111  13.07292062 -059.50174298
113  13.07285871 -059.50201277
110 1 0.25 0.0000 DkAsphlt
111  13.07402057 -059.50227723
111  13.07395260 -059.50226113
111  13.07367104 -059.50219144
111  13.07381264 -059.50165738
111  13.07377431 -059.50164795
111  13.07655175 -059.49045876
111  13.07638724 -059.49019362
111  13.07575794 -059.49002960
112  13.07575794 -059.49002960  13.07566886 -059.49000674
112  13.07541400 -059.49022645  13.07539255 -059.49031567
111  13.07541400 -059.49022645
111  13.07532114 -059.49020109
111  13.07568911 -059.48870311
111  13.07580626 -059.48873196
112  13.07580626 -059.48873196  13.07576321 -059.48892219
112  13.07607415 -059.48882014  13.07617934 -059.48864431
111  13.07607415 -059.48882014
111  13.07640107 -059.48913296
111  13.07612496 -059.48942927
112  13.07622740 -059.48969546  13.07631188 -059.48971483
111  13.07622740 -059.48969546
111  13.07666335 -059.48981515
111  13.07669910 -059.48946578
111  13.07676401 -059.48912283
111  13.07717264 -059.48778464
111  13.07768947 -059.48719940
111  13.07846380 -059.48408156
112  13.07846380 -059.48408156  13.07849194 -059.48395463
112  13.07827049 -059.48374960  13.07815597 -059.48371742
111  13.07827049 -059.48374960
111  13.07748192 -059.48355675
111  13.07753688 -059.48357117
111  13.07752289 -059.48363796
111  13.07745678 -059.48362216
112  13.07745678 -059.48362216  13.07726179 -059.48356949
112  13.07693214 -059.48403550  13.07688889 -059.48421125
111  13.07693214 -059.48403550
111  13.07684053 -059.48401131
111  13.07679408 -059.48383773
111  13.07704694 -059.48281151
111  13.07717614 -059.48264924
111  13.07726661 -059.48267417
112  13.07726661 -059.48267417  13.07719991 -059.48294283
112  13.07755804 -059.48326483  13.07774277 -059.48332278
111  13.07755804 -059.48326483
111  13.07757456 -059.48327273
111  13.07756909 -059.48329153
111  13.07752711 -059.48328012
111  13.07751717 -059.48332762
111  13.07841180 -059.48356921
111  13.07842943 -059.48352432
112  13.07842943 -059.48352432  13.07860467 -059.48361593
112  13.07868594 -059.48431194  13.07853548 -059.48483346
111  13.07868594 -059.48431194
111  13.07862558 -059.48429728
111  13.07843243 -059.48506492
111  13.07911174 -059.48524429
111  13.07865563 -059.48708441
111  13.07838575 -059.48701125
111  13.07816387 -059.48790709
111  13.07749320 -059.48773104
111  13.07702486 -059.48963438
111  13.07768929 -059.48980034
111  13.07713048 -059.49212186
111  13.07651502 -059.49197129
111  13.07624791 -059.49302830
111  13.07628139 -059.49301398
111  13.07495881 -059.49847986
111  13.07490393 -059.49869671
113  13.07420448 -059.50150892
110 1 0.25 0.0000 lib/airport/pavement/asphalt_2D.pol
111  13.07205057 -059.50736298
112  13.07205057 -059.50736298  13.07252567 -059.50749002
112  13.07280058 -059.50693230  13.07285351 -059.50672879
111  13.07280058 -059.50693230
111  13.07395260 -059.50226113
111  13.07402057 -059.50227723
111  13.07284297 -059.50694431
112  13.07284297 -059.50694431  13.07277115 -059.50720875
112  13.07193846 -059.50738393  13.07131490 -059.50718591
111  13.07193846 -059.50738393
111  13.07114938 -059.50718712
113  13.07116368 -059.50712653
110 1 0.25 0.0000 lib/airport/pavement/asphalt_2D.pol
111  13.07137407 -059.50665784
112  13.07137407 -059.50665784  13.07136792 -059.50670525
112  13.07161276 -059.50692266  13.07172592 -059.50695372
111  13.07161276 -059.50692266
111  13.07211235 -059.50707520
112  13.07211235 -059.50707520  13.07222328 -059.50710482
112  13.07254016 -059.50682553  13.07259638 -059.50659679
111  13.07254016 -059.50682553
111  13.07367707 -059.50217907
112  13.07369082 -059.50238883  13.07365810 -059.50252586
111  13.07369082 -059.50238883
111  13.07259426 -059.50684123
112  13.07259426 -059.50684123  13.07252880 -059.50712740
112  13.07209948 -059.50713456  13.07194877 -059.50709749
111  13.07209948 -059.50713456
111  13.07155012 -059.50699484
112  13.07155012 -059.50699484  13.07139595 -059.50695081
113  13.07128522 -059.50663186
110 1 0.25 0.0000 lib/airport/pavement/asphalt_1D.pol
111  13.07116368 -059.50712653
111  13.07128522 -059.50663186
111  13.07149219 -059.50696535
111  13.07146021 -059.50707578
111  13.07198426 -059.50722616
113  13.07195634 -059.50733911
110 1 0.25 0.0000 lib/airport/pavement/asphalt_1D.pol
112  13.07247261 -059.50218976  13.07244174 -059.50231654
111  13.07247261 -059.50218976
111  13.07238148 -059.50216887
111  13.07271481 -059.50080525
111  13.07271674 -059.50080389
111  13.07276729 -059.50085340
112  13.07295959 -059.50157087  13.07304957 -059.50177734
111  13.07295959 -059.50157087
111  13.07293023 -059.50169943
111  13.07362695 -059.50188602
111  13.07361586 -059.50193007
111  13.07358952 -059.50192131
111  13.07357746 -059.50196477
111  13.07356014 -059.50195969
111  13.07357142 -059.50191698
111  13.07350436 -059.50190165
111  13.07347438 -059.50194443
111  13.07345936 -059.50193509
111  13.07348787 -059.50189502
111  13.07326652 -059.50183539
111  13.07325190 -059.50188572
111  13.07323297 -059.50187993
111  13.07324713 -059.50182924
111  13.07314826 -059.50180360
111  13.07316420 -059.50186316
111  13.07314538 -059.50186316
111  13.07312725 -059.50179894
111  13.07302148 -059.50176981
111  13.07297820 -059.50182068
111  13.07295910 -059.50181459
111  13.07300065 -059.50176402
111  13.07292061 -059.50174298
113  13.07285871 -059.50201277
110 1 0.25 0.0000 lib/airport/pavement/asphalt_1D.pol
111  13.07402057 -059.50227723
111  13.07395260 -059.50226113
111  13.07367104 -059.50219144
111  13.07381264 -059.50165738
111  13.07377431 -059.50164795
111  13.07655176 -059.49045876
111  13.07638724 -059.49019362
111  13.07575794 -059.49002960
112  13.07575794 -059.49002960  13.07566886 -059.49000674
112  13.07541400 -059.49022645  13.07539255 -059.49031567
111  13.07541400 -059.49022645
111  13.07532114 -059.49020109
111  13.07568911 -059.48870311
111  13.07580626 -059.48873196
112  13.07580626 -059.48873196  13.07576320 -059.48892219
112  13.07607415 -059.48882014  13.07617934 -059.48864431
111  13.07607415 -059.48882014
111  13.07640107 -059.48913296
111  13.07612496 -059.48942927
112  13.07622740 -059.48969546  13.07631188 -059.48971483
111  13.07622740 -059.48969546
111  13.07666335 -059.48981515
111  13.07669910 -059.48946578
111  13.07676401 -059.48912283
111  13.07717264 -059.48778464
111  13.07768947 -059.48719940
111  13.07846380 -059.48408156
112  13.07846380 -059.48408156  13.07849194 -059.48395463
112  13.07827049 -059.48374960  13.07815597 -059.48371742
111  13.07827049 -059.48374960
111  13.07748192 -059.48355675
111  13.07753688 -059.48357117
111  13.07752289 -059.48363796
111  13.07745678 -059.48362216
112  13.07745678 -059.48362216  13.07726179 -059.48356949
112  13.07693214 -059.48403550  13.07688889 -059.48421125
111  13.07693214 -059.48403550
111  13.07684053 -059.48401131
111  13.07717614 -059.48264924
111  13.07726661 -059.48267416
112  13.07726661 -059.48267416  13.07719991 -059.48294283
112  13.07755804 -059.48326483  13.07774277 -059.48332278
111  13.07755804 -059.48326483
111  13.07757456 -059.48327273
111  13.07756909 -059.48329153
111  13.07752711 -059.48328012
111  13.07751717 -059.48332762
111  13.07841180 -059.48356921
111  13.07842944 -059.48352432
112  13.07842944 -059.48352432  13.07860467 -059.48361593
112  13.07868594 -059.48431194  13.07853548 -059.48483346
111  13.07868594 -059.48431194
111  13.07862558 -059.48429728
111  13.07843243 -059.48506492
111  13.07911174 -059.48524429
111  13.07865563 -059.48708441
111  13.07838575 -059.48701125
111  13.07816387 -059.48790709
111  13.07749320 -059.48773104
111  13.07702486 -059.48963438
111  13.07768929 -059.48980034
111  13.07713048 -059.49212186
111  13.07651502 -059.49197129
111  13.07624791 -059.49302830
111  13.07628139 -059.49301398
111  13.07495881 -059.49847986
111  13.07490393 -059.49869671
113  13.07420448 -059.50150892
110 1 0.25 0.0000 lib/airport/pavement/asphalt_1D.pol
111  13.07593227 -059.49988660
111  13.07570327 -059.49982574
111  13.07557320 -059.49923876
111  13.07579394 -059.49921831
111  13.07597063 -059.49926366
111  13.07600666 -059.49925411
113  13.07608222 -059.49926724
130 Airport Boundary
111  13.07685521 -059.47404059
111  13.08486815 -059.47630659
111  13.08360022 -059.48553409
111  13.07932378 -059.49856987
111  13.07957921 -059.50005796
111  13.07874063 -059.50417903
111  13.07489446 -059.50327117
111  13.07314038 -059.51054265
111  13.06725334 -059.50903189
111  13.07128746 -059.49179036
111  13.07095037 -059.48934881
111  13.07239237 -059.48650353
113  13.07399329 -059.48497445
120 RdWy CL
111  13.08145215 -059.48799564 3
112  13.08143265 -059.48786969  13.08138141 -059.48783093 3
112  13.08140029 -059.48762883  13.08144478 -059.48754439 3
112  13.08164300 -059.48755789  13.08168615 -059.48760219 3
116  13.08184035 -059.48753784  13.08190237 -059.48744925
120 RdWy CL
111  13.08016480 -059.49085135 8
112  13.08014027 -059.48925651  13.08015192 -059.48911299
111  13.08014027 -059.48925651
112  13.08014027 -059.48925651  13.08014579 -059.48918853 8
112  13.08046232 -059.48801506  13.08061793 -059.48741999
111  13.08046232 -059.48801506 8
111  13.08079499 -059.48672337
112  13.08079499 -059.48672337  13.08081596 -059.48662769 8
112  13.08096973 -059.48659181  13.08107225 -059.48661812
111  13.08096973 -059.48659181 8
111  13.08142127 -059.48671747
112  13.08142127 -059.48671747  13.08151678 -059.48674631 8
112  13.08152009 -059.48694209  13.08152413 -059.48705698
111  13.08152009 -059.48694209 8
111  13.08151999 -059.48703185 8
111  13.08151948 -059.48747852
111  13.08151999 -059.48703185 8
112  13.08133799 -059.48741010  13.08131103 -059.48751115
111  13.08133799 -059.48741010 8
112  13.08081820 -059.48939981  13.08078562 -059.48951056 8
112  13.08071497 -059.48962382  13.08069138 -059.48965381 8
112  13.08053823 -059.48981238  13.08048317 -059.48985737 8
112  13.08035037 -059.48994152  13.08028970 -059.48994037
111  13.08035037 -059.48994152 8
115  13.08021508 -059.48993849
120 RdWy CL
112  13.08062927 -059.49102681  13.08061618 -059.49100538 3
112  13.08051145 -059.49088785  13.08045807 -059.49085997 3
112  13.08032820 -059.49086032  13.08030651 -059.49087218
111  13.08075686 -059.49024465 3
112  13.08061644 -059.49055418  13.08056611 -059.49063742 3
112  13.08046806 -059.49076620  13.08044010 -059.49080352 3
112  13.08032820 -059.49086032  13.08027402 -059.49088721
111  13.08032820 -059.49086032
112  13.08032820 -059.49086032  13.08026199 -059.49087057 3
111  13.08019723 -059.49091254
112  13.08019723 -059.49091254  13.08012762 -059.49096437 3
112  13.08011635 -059.49111278  13.08011389 -059.49118201
111  13.08011635 -059.49111278
112  13.08011635 -059.49111278  13.08012473 -059.49126826 3
112  13.08034057 -059.49139153  13.08046359 -059.49141449 3
112  13.08062650 -059.49122359  13.08065166 -059.49113174
111  13.08062650 -059.49122359
112  13.08062650 -059.49122359  13.08064171 -059.49116806 3
112  13.08062927 -059.49102681  13.08060383 -059.49096169
111  13.08062927 -059.49102681
112  13.08062927 -059.49102681  13.08059285 -059.49095273 3
112  13.08062779 -059.49085717  13.08063774 -059.49081744
111  13.08062779 -059.49085717 3
111  13.08075686 -059.49024465 3
111  13.08126808 -059.48823245
112  13.08126808 -059.48823245  13.08128672 -059.48817744 3
111  13.08145215 -059.48799564
112  13.08145215 -059.48799564  13.08148013 -059.48795733 3
112  13.08156864 -059.48793823  13.08161394 -059.48792999
111  13.08156864 -059.48793823
112  13.08156864 -059.48793823  13.08163214 -059.48794230 3
112  13.08172242 -059.48787126  13.08175992 -059.48782080
111  13.08172242 -059.48787126
112  13.08172242 -059.48787126  13.08175695 -059.48782480 3
112  13.08175703 -059.48770860  13.08174673 -059.48765136
111  13.08175703 -059.48770860
112  13.08175703 -059.48770860  13.08176500 -059.48765155 3
112  13.08184035 -059.48753784  13.08189730 -059.48748990
111  13.08184035 -059.48753784 3
112  13.08230502 -059.48700160  13.08237958 -059.48689395 3
111  13.08280818 -059.48616096
112  13.08280818 -059.48616096  13.08290370 -059.48599351 3
112  13.08308878 -059.48518930  13.08310509 -059.48495249
111  13.08308878 -059.48518930 3
115  13.08322275 -059.48336631
120 RH
111  13.07909617 -059.47739789 54
111  13.07903630 -059.47764097
111  13.07784521 -059.48341786 54
111  13.07779465 -059.48363239
111  13.07613499 -059.48895006 54
111  13.07631501 -059.48912540
111  13.07614157 -059.48977227 54
111  13.07609537 -059.48997940
111  13.07335871 -059.50177408 54
111  13.07330236 -059.50201088
111  13.07201257 -059.50711162 54
111  13.07198426 -059.50722616 54
115  13.07195634 -059.50733911
120 RH
111  13.07378480 -059.49259958 4
111  13.07383756 -059.49250036
111  13.07440807 -059.49068235 4
115  13.07430565 -059.49055936
120 TL
111  13.07341348 -059.49233398 1
115  13.07429258 -059.49281570
120 TL
112  13.07379690 -059.49116186  13.07389792 -059.49106515 51
112  13.07477484 -059.49022981  13.07515603 -059.48986883
111  13.07477484 -059.49022981
112  13.07477484 -059.49022981  13.07500474 -059.49001210 51
112  13.07521086 -059.48962357  13.07522992 -059.48954743
111  13.07521086 -059.48962357
112  13.07521086 -059.48962357  13.07521851 -059.48959474 51
115  13.07533519 -059.48912782
120 TL
111  13.07785991 -059.48702691 1
111  13.07857234 -059.48408645 1
111  13.07875387 -059.48337629 1
111  13.07998458 -059.47841403
112  13.07998458 -059.47841403  13.08009890 -059.47794022 1
112  13.07966597 -059.47767660  13.07937381 -059.47759836
111  13.07966597 -059.47767660 1
111  13.07949428 -059.47763042 57
112  13.07907066 -059.47751674  13.07891735 -059.47747568
111  13.07907066 -059.47751674 1
115  13.07847627 -059.47735652
120 TL
111  13.07124766 -059.50610053 51
111  13.07112352 -059.50660424
112  13.07112352 -059.50660424  13.07111321 -059.50665293 51
112  13.07135344 -059.50704529  13.07163369 -059.50712248
111  13.07135344 -059.50704529 51
111  13.07146021 -059.50707578 51
111  13.07198462 -059.50722551 57
111  13.07208390 -059.50725177
112  13.07208390 -059.50725177  13.07219768 -059.50727802 57
112  13.07240158 -059.50722846  13.07249613 -059.50718907
111  13.07240158 -059.50722846
112  13.07240158 -059.50722846  13.07254333 -059.50716941 51
112  13.07269210 -059.50687854  13.07273239 -059.50671239
111  13.07269210 -059.50687854 51
111  13.07380850 -059.50234640 51
111  13.07396293 -059.50171944 51
111  13.07615526 -059.49272610 51
111  13.07673681 -059.49035994 51
111  13.07686382 -059.48984316 51
111  13.07732231 -059.48797771
112  13.07732231 -059.48797771  13.07739531 -059.48775314 51
116  13.07757819 -059.48758851  13.07766711 -059.48749461
120 TL
111  13.07831598 -059.48363440 57
111  13.07782521 -059.48351940 1
115  13.07716446 -059.48335472
120 TL
111  13.07663907 -059.48414507 1
111  13.07674720 -059.48365675
112  13.07674720 -059.48365675  13.07676354 -059.48359806 1
112  13.07716446 -059.48335472  13.07743967 -059.48341604
111  13.07716446 -059.48335472
112  13.07716446 -059.48335472  13.07689044 -059.48329453 1
112  13.07696584 -059.48283453  13.07697911 -059.48277898
111  13.07696584 -059.48283453 1
115  13.07710427 -059.48229963
120 TL
111  13.07654817 -059.48999812 57
111  13.07611898 -059.48988139 1
115  13.07556343 -059.48973617
120 TL
111  13.07608369 -059.48919019 1
111  13.07522819 -059.49009642
112  13.07522819 -059.49009642  13.07520377 -059.49012535 1
115  13.07513482 -059.49025977
120 TL
111  13.07563889 -059.48821571 1
111  13.07546501 -059.48892106
112  13.07546501 -059.48892106  13.07541579 -059.48912858 1
112  13.07608369 -059.48919019  13.07640757 -059.48891818
111  13.07608369 -059.48919019 1
111  13.07623027 -059.48903868 57
111  13.07662064 -059.48862226 1
111  13.07758906 -059.48758851 1
111  13.07767839 -059.48747793
112  13.07767839 -059.48747793  13.07781953 -059.48731229 1
116  13.07786520 -059.48702691  13.07790919 -059.48686326
120 TL
111  13.07502083 -059.49072754 1
111  13.07513482 -059.49025977 1
111  13.07519245 -059.49005589
112  13.07519245 -059.49005589  13.07520180 -059.49001494 1
112  13.07557430 -059.48973617  13.07585121 -059.48979899
111  13.07557430 -059.48973617
112  13.07557430 -059.48973617  13.07529758 -059.48967210 1
112  13.07537608 -059.48928179  13.07538629 -059.48923725
111  13.07537608 -059.48928179 1
115  13.07546501 -059.48892106
120 TL
111  13.07360122 -059.50194484 57
111  13.07333635 -059.50188088 1
115  13.07316364 -059.50183188
120 TL
111  13.07210758 -059.50263180 1
111  13.07225614 -059.50205675
112  13.07225614 -059.50205675  13.07236338 -059.50162742 1
112  13.07269791 -059.50171401  13.07280730 -059.50173936
111  13.07269791 -059.50171401 1
111  13.07316364 -059.50183188 1
111  13.07291072 -059.50172001
112  13.07291072 -059.50172001  13.07284561 -059.50167405 1
112  13.07277939 -059.50154634  13.07275320 -059.50147197
111  13.07277939 -059.50154634 1
111  13.07262829 -059.50093339
112  13.07262829 -059.50093339  13.07260359 -059.50085370 1
112  13.07263574 -059.50048895  13.07267230 -059.50032739
111  13.07263574 -059.50048895 1
115  13.07275989 -059.49998525
120 TL
111  13.08064662 -059.48100640 51
111  13.08004042 -059.48085882 20
115  13.07952874 -059.48072742
120 TL
111  13.08049165 -059.48160671 51
111  13.07993011 -059.48145987 20
115  13.07938599 -059.48132167
120 TL
111  13.08038316 -059.48213454 51
111  13.07979741 -059.48199041 20
115  13.07925734 -059.48185181
120 TL
111  13.08025945 -059.48270522 51
111  13.07966238 -059.48253942 20
115  13.07912080 -059.48238763
120 TL
111  13.08010380 -059.48323236 51
111  13.07951371 -059.48306891 20
115  13.07899661 -059.48292764
120 TL
111  13.07998544 -059.48380921 51
111  13.07935523 -059.48364428 20
115  13.07883860 -059.48350710
120 TL
111  13.07984405 -059.48439611 51
111  13.07925004 -059.48423378 20
115  13.07869649 -059.48409212
120 TL
111  13.07968705 -059.48498704 51
111  13.07905292 -059.48481354 20
115  13.07856254 -059.48468513
120 TL
111  13.07952674 -059.48565743 51
111  13.07893187 -059.48549489 20
115  13.07839943 -059.48535499
120 TL
111  13.07936903 -059.48632565 51
111  13.07876290 -059.48614422 20
115  13.07823715 -059.48600580
120 TL
111  13.07920993 -059.48693210 51
111  13.07859312 -059.48677398 20
115  13.07807065 -059.48664861
120 TL
111  13.07901903 -059.48759659 51
111  13.07841940 -059.48742917 20
115  13.07791000 -059.48729493
120 TL
111  13.07847191 -059.48980779
111  13.07855728 -059.48944519 1
111  13.07719832 -059.48908275
115  13.07710416 -059.48944989
120 TL
111  13.07847191 -059.48980779 1
111  13.07847191 -059.48980779 1
115  13.07710416 -059.48944989
120 TL
111  13.07750972 -059.49006018 1
115  13.07697842 -059.48992287
120 TL
111  13.07815433 -059.49079535 1
115  13.07684868 -059.49046089
120 TL
111  13.07799450 -059.49132429 1
115  13.07671973 -059.49098759
120 TL
111  13.07723389 -059.49140190
111  13.07736451 -059.49090799 20
111  13.07693258 -059.49079104
111  13.07742711 -059.49065578 20
111  13.07699250 -059.49054762
111  13.07750150 -059.49034737 20
111  13.07707121 -059.49022991
115  13.07680101 -059.49127687
120 TL
111  13.07723389 -059.49140190 20
115  13.07680101 -059.49127687
120 TL
111  13.07711800 -059.49191050 20
115  13.07668479 -059.49179384
120 TL
111  13.07718051 -059.49166995 20
115  13.07658530 -059.49151496
120 TL
111  13.07705846 -059.49220572 20
115  13.07645620 -059.49204247
120 TL
111  13.07695712 -059.49262855 20
115  13.07634934 -059.49245855
120 TL
111  13.07380850 -059.50234640 51
112  13.07378108 -059.50216750  13.07375484 -059.50207444
111  13.07378108 -059.50216750
112  13.07378108 -059.50216750  13.07375466 -059.50207381 57
112  13.07360122 -059.50194484  13.07349959 -059.50191685
111  13.07360122 -059.50194484
112  13.07360122 -059.50194484  13.07369644 -059.50197077 57
112  13.07384519 -059.50186568  13.07390886 -059.50180785
111  13.07384519 -059.50186568
112  13.07384519 -059.50186568  13.07391807 -059.50179948 1
113  13.07396293 -059.50171944
120 TL
111  13.07857234 -059.48408645
112  13.07857234 -059.48408645  13.07857966 -059.48405828 1
112  13.07853377 -059.48385563  13.07849658 -059.48375473
111  13.07853377 -059.48385563
112  13.07853377 -059.48385563  13.07849852 -059.48376000 57
112  13.07831598 -059.48363440  13.07819932 -059.48360367
111  13.07831598 -059.48363440
112  13.07831598 -059.48363440  13.07841246 -059.48365919 57
112  13.07856623 -059.48359412  13.07863458 -059.48355271
111  13.07856623 -059.48359412
112  13.07856623 -059.48359412  13.07866768 -059.48353265 1
112  13.07875387 -059.48337629  13.07876026 -059.48333694
113  13.07875387 -059.48337629
120 TL
112  13.07673681 -059.49035994  13.07671394 -059.49045383
111  13.07673681 -059.49035994 51
111  13.07673072 -059.49024326
112  13.07673072 -059.49024326  13.07671408 -059.49014933 57
112  13.07654817 -059.48999812  13.07642800 -059.48997020
111  13.07654817 -059.48999812
112  13.07654817 -059.48999812  13.07666919 -059.49002805 57
112  13.07680278 -059.48991012  13.07686435 -059.48984706
111  13.07680278 -059.48991012 51
113  13.07686382 -059.48984316
120 TB
111  13.07717007 -059.48279026 3 102
112  13.07751717 -059.48332762  13.07788044 -059.48342767
111  13.07751717 -059.48332762 3 102
111  13.07841117 -059.48356986
112  13.07841117 -059.48356986  13.07847827 -059.48358421 3 102
112  13.07866407 -059.48331058  13.07872304 -059.48310553
111  13.07866407 -059.48331058 3 102
111  13.07987361 -059.47837930
112  13.07987361 -059.47837930  13.07997458 -059.47795115 3 102
112  13.07958852 -059.47778195  13.07938219 -059.47773237
111  13.07958852 -059.47778195 3 102
111  13.07844285 -059.47749241
111  13.07850487 -059.47724003 3 102
111  13.07976850 -059.47757618
112  13.07976850 -059.47757618  13.08010214 -059.47766181 3 102
112  13.08011026 -059.47839613  13.08000490 -059.47889640
111  13.08011026 -059.47839613 3 102
115  13.07967965 -059.48012167
120 TB
112  13.07567432 -059.48876443  13.07564079 -059.48891466 3 102
112  13.07610525 -059.48897892  13.07630263 -059.48878113
111  13.07610525 -059.48897892 3 102
111  13.07755608 -059.48737143
112  13.07755608 -059.48737143  13.07768786 -059.48722165 3 102
112  13.07774289 -059.48705731  13.07778252 -059.48686639 3 102
111  13.07837767 -059.48447659 3 102
111  13.07846380 -059.48408156
112  13.07846380 -059.48408156  13.07849194 -059.48395463 3 102
112  13.07826915 -059.48375005  13.07815327 -059.48371832
111  13.07826915 -059.48375005 3 102
111  13.07748192 -059.48355675
112  13.07748192 -059.48355675  13.07714088 -059.48346577 3 102
115  13.07692340 -059.48380328
120 TB
112  13.07369082 -059.50238883  13.07375889 -059.50212505 3 102
111  13.07356330 -059.50207991 3 102
111  13.07301271 -059.50193183
112  13.07301271 -059.50193183  13.07293532 -059.50191059 3 102
111  13.07262979 -059.50195134
112  13.07262979 -059.50195134  13.07252381 -059.50195373 3 102
111  13.07238331 -059.50217031
111  13.07271895 -059.50080383 3 102
112  13.07288309 -059.50150696  13.07295493 -059.50168031
111  13.07288309 -059.50150696
112  13.07288309 -059.50150696  13.07292589 -059.50161022 3 102
112  13.07309759 -059.50171062  13.07318757 -059.50173346
111  13.07309759 -059.50171062 3 102
111  13.07363959 -059.50184609
112  13.07363959 -059.50184609  13.07368851 -059.50186018 3 102
112  13.07388259 -059.50158683  13.07394594 -059.50136525
111  13.07388259 -059.50158683 3 102
111  13.07663320 -059.49038546
112  13.07663320 -059.49038546  13.07664427 -059.49034141 3 102
112  13.07647462 -059.49008010  13.07627859 -059.49003133
111  13.07647462 -059.49008010 3 102
111  13.07575365 -059.48988874
112  13.07575365 -059.48988874  13.07566546 -059.48986328 3 102
112  13.07556192 -059.48994132  13.07551076 -059.48998117 3 102
115  13.07532297 -059.49020277
120 TB
112  13.07682130 -059.48969738  13.07683099 -059.48965759
111  13.07682130 -059.48969738 3 102
111  13.07696442 -059.48913762
112  13.07696442 -059.48913762  13.07700865 -059.48898600 3 102
112  13.07655637 -059.48887312  13.07627978 -059.48907163
111  13.07655637 -059.48887312 3 102
111  13.07612345 -059.48933435
112  13.07612345 -059.48933435  13.07584954 -059.48962383 3 102
111  13.07617337 -059.48979117 3 102
111  13.07654888 -059.48988043
114  13.07654888 -059.48988043  13.07673799 -059.48992364 3 102
120 Road Markings
112  13.07805635 -059.49203524  13.07804165 -059.49206794 20
112  13.07800418 -059.49200885  13.07801643 -059.49196105
111  13.07800418 -059.49200885 20
111  13.07829549 -059.49086903
112  13.07829549 -059.49086903  13.07834242 -059.49068236 20
112  13.07855299 -059.49021755  13.07861442 -059.48997641
111  13.07855299 -059.49021755
112  13.07855299 -059.49021755  13.07856811 -059.49016144 20
111  13.07857709 -059.49001263
112  13.07857709 -059.49001263  13.07860109 -059.48977535 20
112  13.07863490 -059.48944343  13.07866569 -059.48930643
111  13.07863490 -059.48944343 20
111  13.07900628 -059.48791847 20
111  13.08082347 -059.48054625 20
111  13.08083679 -059.48049221
111  13.08089068 -059.48050502 20
111  13.07869301 -059.48946494
112  13.07869301 -059.48946494  13.07866955 -059.48957634 20
112  13.07861017 -059.49023063  13.07855607 -059.49045471
111  13.07861017 -059.49023063
112  13.07861017 -059.49023063  13.07854851 -059.49048174 20
112  13.07835004 -059.49088278  13.07832218 -059.49101375
111  13.07835004 -059.49088278 20
111  13.07805635 -059.49203524
111  13.07803044 -059.49202033 22
111  13.07832207 -059.49087746
112  13.07832207 -059.49087746  13.07837194 -059.49067422 22
112  13.07858066 -059.49022550  13.07863989 -059.48998398
111  13.07858066 -059.49022550
112  13.07858066 -059.49022550  13.07862758 -059.49005989 22
112  13.07866096 -059.48945673  13.07869029 -059.48933779
111  13.07866096 -059.48945673 22
112  13.07960333 -059.48562486  13.07963265 -059.48550593
111  13.07960333 -059.48562486 22
115  13.08086021 -059.48051408
120 TL
112  13.07877959 -059.48824714  13.07877235 -059.48824467 1
115  13.07750868 -059.48789013
120 TL
112  13.07862050 -059.48882916  13.07861327 -059.48882669 1
115  13.07734497 -059.48846712
21  13.07212822 -059.50446406 2 75.8700 3.00 API PAPI-4L
21  13.07753403 -059.47869364 2 255.8700 3.00 API PAPI-4L
20  13.07657678 -059.49042089 76.0000 0 2 {@L}A{@Y}B{^r,@@,@L}A
20  13.07840154 -059.48412999 76.0000 0 2 {@L}A{@Y}F{^r,@@,@L}A
20  13.07622671 -059.48966986 165.0000 0 2 {@L}B{@R}9-27{@@,@L}B{@Y,^l}A{safety}A{^r}
20  13.07442888 -059.49070775 38.8600 0 1 {@L}C{@R}9-27{@@,@L}C
20  13.07436075 -059.49233238 254.2700 0 1 {@Y,^l}D-GA{@L}27{@@}9
20  13.07461345 -059.49332950 73.5100 0 1 {@L}9{@Y}D-GA{^r,@@,@L}27
20  13.07378480 -059.49259958 333.6900 0 1 {@L}D{@R}9-27{@@,@L}D
20  13.07609530 -059.48885979 225.0000 0 2 {@L}E{@R}9-27{@@,@L}E{@Y,^ld}AA{safety,^ru}
20  13.07336852 -059.50173898 165.0000 0 2 {@L}E1{@R}9-27{@@,@L}E1{@Y,^l}A{safety}A{^r}
20  13.07286252 -059.50684843 257.5400 0 2 {@L}A{@Y,^l}E2{@@,@L}A
20  13.07202572 -059.50707115 165.0000 0 2 {@L}E2{@R}9-27{@@,@L}E2{safety,@Y}A{^r}
20  13.07928705 -059.47738085 165.0000 0 2 {@L}G{@R}9-27{@@,@L}F{@Y,^l}A{safety}
20  13.07790536 -059.48338734 165.0000 0 2 {@L}F{@R}9-27{@@,@L}F{@Y,^l}A{safety}A{^r}
20  13.07676392 -059.48967664 256.0000 0 2 {@Y,^l}B{@L}A{@@}A
20  13.07512433 -059.48918788 255.8000 0 2 {@L}27{@Y,^lu}C|B{^r,@@,@L}9{@Y,^l}B{no-entry,@R,^r}
20  13.07527470 -059.49062012 76.0000 0 2 {@Y,^l}B|{^lu}E|C{^ld}
20  13.07396946 -059.50236477 75.3200 0 2 {@Y}E1{^r,@L}A{@@}A
20  13.07383738 -059.50160224 256.0000 0 2 {@Y,^l}E1{@L}A{@@}A
20  13.07240504 -059.50223678 76.0000 0 2 {@L}9{@Y,^l}E1{@@,@L}27
20  13.07834046 -059.47815104 76.0000 0 2 {@L}9{@Y,^l}G{@@,@L}27
20  13.07684455 -059.48425219 76.0000 0 2 {@L}9{@Y,^l}F{@@,@L}27
20  13.07861531 -059.48325992 256.0000 0 2 {@Y,^l}F{@L}A{@@}A
20  13.07765684 -059.48715830 255.7200 0 2 {@Y,^ld}E{@L}A{@Y}A{^u,@@,@L}A
20  13.07577619 -059.48852497 256.0000 0 2 {@L}27{@Y}B{^ru}|E{^rd,@@,@L}9
20  13.07239672 -059.50032297 256.0000 0 2 {@L}27{@Y}E1{^r,@@,@L}9
20  13.07093566 -059.50627703 256.0000 0 2 {@L}27{@Y}A2{^r,@@,@L}9
20  13.07682479 -059.48221623 256.0000 0 2 {@L}27{@Y}F{^r,@@,@L}9
14  13.07819940 -059.49024894  98.43 0 Tower Viewpoint
1300  13.07790783 -059.48965644 -14.80 misc helos Helicopters
1301 C none 
1300  13.07331088 -059.49163413   6.71 misc turboprops|props|helos GA South Ramp
1301 C none 
1300  13.07364304 -059.49161347 -209.77 misc turboprops|props|helos GA Main Ramp Helicopter
1301 C none 
1300  13.07686098 -059.49260179 -14.43 misc jets|turboprops|props|helos|fighters Open Ramp Spot 1
1301 C none 
1300  13.07696668 -059.49217981 345.86 misc jets|turboprops|props Open Ramp Spot  2
1301 C none 
1300  13.07708196 -059.49164187 345.86 misc jets|turboprops|props Open Ramp Spot  4
1301 C none 
15  13.07809134 -059.49077613 346.90 Open Ramp Spot  8
15  13.07744928 -059.49004919 345.86 Open Ramp Spot 9
1300  13.07838167 -059.48978295 345.86 misc jets|turboprops|props Open Ramp Spot  10
1301 B none 
15  13.07847977 -059.48942334 345.86 Open Ramp Spot 11
15  13.07857642 -059.48881571 345.86 Open Ramp Spot 12
15  13.07877235 -059.48824467 345.86 Terminal Start Spot 13
15  13.07892312 -059.48756390 345.86 Open Ramp Spot 14
15  13.07971594 -059.48435783 345.86 Open Ramp Spot 19
15  13.07981785 -059.48376203 345.86 Open Ramp Spot 20
15  13.08011588 -059.48266378 346.08 Air Freight Spot 22
18  13.07893823 -059.49153166 1 Airport Beacon
19  13.07762829 -059.47793712 1 WS
19  13.07598598 -059.49143778 1 WS
19  13.07268694 -059.50446088 1 WS
1053 121900 ADAMS GND
1054 118700 ADAMS TWR
1055 129350 ADAMS APP
1055 120700 ADAMS APP
1055 121200 ADAMS APP
1055 128850 ADAMS APP
1200 
1201  13.07958662 -059.48028133 both 0 N_stop
1201  13.07722883 -059.49293940 both 1 N_start
1201  13.07630427 -059.49253292 both 2 N_start
1201  13.07744833 -059.48783193 both 3 N_start
1201  13.07778023 -059.48751858 both 4 N_start
1201  13.08073350 -059.48102844 both 5 N_stop
1201  13.07802086 -059.49146061 both 6 N_start
1201  13.07818504 -059.49141595 both 7 N_start
1201  13.07832950 -059.49085001 both 8 N_start
1201  13.07859258 -059.49018707 both 9 N_start
1201  13.07866096 -059.48945673 both 10 N_start
1206 1 2 twoway  N
1206 2 3 twoway  N
1206 3 4 twoway  N
1206 4 0 twoway  N
1206 6 7 twoway  N
1206 7 8 twoway  N
1206 8 9 twoway  N
1206 9 10 twoway  N
1206 10 5 twoway  N
1400  13.07801367 -59.49151984  77.14 gpu 0 New Service Truck 1
1400  13.07735339 -59.49292103  159.98 gpu 0 New Service Truck 1
1400  13.07735442 -59.49296339  159.98 fuel_liners 0 New Service Truck 1
1400  13.07734109 -59.49300647  159.98 fuel_jets 0 New Service Truck 1
1400  13.07797482 -59.49153632  73.25 pushback 0 New Service Truck 1
1400  13.07732568 -59.49304799  159.98 fuel_props 0 New Service Truck 1
1401  13.07724998 -59.49295048 -24.54 fuel_jets|fuel_liners|fuel_props|pushback New Service Truck Destination 2
1401  13.07801586 -59.49147314 -108.87 gpu|pushback New Service Truck Destination 3
99
