I
1130 Generated by WorldEditor 2.1.0r1

1      8 0 0 TFFC Saint Francois
1302 city St-François
1302 country France
1302 datum_lat 16.257777778
1302 datum_lon -61.262500000
1302 faa_code 
1302 gui_label 3D
1302 iata_code SFC
1302 icao_code TFFC
1302 region_code TF
1302 state Guadeloupe
1302 transition_alt 5000
1302 transition_level 
100 18.00 1 0 0.25 0 2 0 11  16.25821581 -061.26506877    0    0 2 0 0 0 29  16.25732034 -061.25956757    0    0 2 0 0 0
110 1 0.00 279.8500 Taxiway
112  16.25780158 -061.26343664  16.25776342 -061.26342081 1
111  16.25771323 -061.26341677 1
111  16.25729109 -061.26349613 1
111  16.25734572 -061.26389895 1
111  16.25718712 -061.26394216 1
111  16.25738441 -061.26519465 1
111  16.25736057 -061.26520561 1
112  16.25755864 -061.26555011  16.25771510 -061.26561295 1
112  16.25806225 -061.26547963  16.25819615 -061.26532949 1
111  16.25815674 -061.26507548 1
111  16.25826329 -061.26505544 1
112  16.25815722 -061.26550490  16.25801556 -061.26573320 1
112  16.25750312 -061.26559157  16.25735080 -061.26547182 1
111  16.25732099 -061.26521801 1
111  16.25730192 -061.26522183 1
111  16.25708465 -061.26397011 1
111  16.25690653 -061.26402094 1
111  16.25681625 -061.26348468 1
111  16.25784718 -061.26328047 1
113  16.25789016 -061.26352715 1
110 3 0.00 280.8900 Taxiway
111  16.25734572 -061.26389895
111  16.25761562 -061.26540051
111  16.25720792 -061.26553041
113  16.25690653 -061.26402094
120 hold
111  16.25744627 -061.26346682 54
115  16.25742800 -061.26336299
120 Center line
111  16.25784958 -061.26333664 1
112  16.25721656 -061.26345345  16.25710399 -061.26347543 1
112  16.25708479 -061.26368315  16.25710003 -061.26378453
111  16.25708479 -061.26368315
112  16.25708479 -061.26368315  16.25708860 -061.26370850 1
111  16.25733861 -061.26521256 1
112  16.25744764 -061.26549945  16.25752034 -061.26559716 1
112  16.25781320 -061.26563695  16.25796716 -061.26562936 1
112  16.25816853 -061.26539196  16.25823146 -061.26523568 1
115  16.25821581 -061.26506877
14  16.25693697 -061.26401780  32.81 0 Tower Viewpoint
15  16.25732075 -061.26385118 192.27 Custom Startup Location
18  16.25703983 -061.26264978 1 BCN
19  16.25782684 -061.26501617 1 WS
99
