I
1130 Generated by WorldEditor 2.0.0r4

1     16 1 0 TFFF Martinique/Aime Cesaire Intl
1302 city Fort-de-France
1302 country Martinique
1302 datum_lat 14.592222222
1302 datum_lon -60.996388889
1302 faa_code 
1302 iata_code FDF
1302 icao_code TFFF
1302 region_code TF
1302 state (unassigned)
1302 transition_alt 9000
1302 transition_level 
1302 flatten 1
100 45.11 1 1 0.00 0 2 0 10  14.58849675 -061.01823680    0    0 3 0 0 0 28  14.59321700 -060.99076747  250  289 3 0 0 0
110 2 0.00 80.0000 Cncrt Pad
111  14.59498707 -060.99665506
111  14.59503356 -060.99635910
111  14.59540137 -060.99642945
113  14.59535426 -060.99672057
110 2 0.00 175.0000 Pad
111  14.59479852 -060.99918716
111  14.59474206 -060.99922624
111  14.59465028 -060.99922001
111  14.59459042 -060.99907700
111  14.59446181 -060.99906507
111  14.59447606 -060.99890625
111  14.59465378 -060.99892415
111  14.59464948 -060.99897913
111  14.59480266 -060.99899740
111  14.59479800 -060.99904343
111  14.59475264 -060.99903708
111  14.59474607 -060.99910943
113  14.59480364 -060.99911431
110 2 0.00 0.0000 Pad
111  14.59468201 -060.99977414
111  14.59459995 -060.99977626
111  14.59456336 -060.99965393
111  14.59431996 -060.99964821
111  14.59432393 -060.99946307
111  14.59452310 -060.99946983
111  14.59452234 -060.99949492
111  14.59464776 -060.99949937
111  14.59464669 -060.99952805
111  14.59474376 -060.99952954
111  14.59474327 -060.99957535
113  14.59467937 -060.99957314
110 2 0.00 20.0000 Pad
111  14.59485267 -061.00047660
111  14.59474182 -061.00037194
111  14.59456891 -061.00043200
111  14.59451640 -061.00027841
111  14.59466580 -061.00022678
111  14.59467906 -061.00026006
111  14.59478292 -061.00022494
111  14.59480478 -061.00028098
111  14.59484729 -061.00026483
113  14.59490911 -061.00045461
110 2 0.00 32.5000 Pad
111  14.59512087 -061.00091596
111  14.59502643 -061.00097781
111  14.59490535 -061.00092866
111  14.59434140 -061.00131008
111  14.59432683 -061.00128650
111  14.59434810 -061.00111020
111  14.59481731 -061.00080511
111  14.59484416 -061.00084751
111  14.59496075 -061.00077383
111  14.59498052 -061.00079998
111  14.59505386 -061.00075410
111  14.59507082 -061.00077868
113  14.59504400 -061.00079776
110 2 0.00 48.0000 Pad
111  14.59537697 -061.00149260
111  14.59524909 -061.00144845
111  14.59511089 -061.00159533
111  14.59501113 -061.00148847
111  14.59508707 -061.00141181
111  14.59510754 -061.00143392
111  14.59519585 -061.00133340
111  14.59521066 -061.00134571
111  14.59527036 -061.00128267
111  14.59524142 -061.00125172
111  14.59527170 -061.00121893
111  14.59531557 -061.00126610
111  14.59534815 -061.00123240
111  14.59537648 -061.00125847
111  14.59535360 -061.00128533
111  14.59540575 -061.00133667
112  14.59542300 -061.00136284  14.59543001 -061.00138127
111  14.59542300 -061.00136284
113  14.59545455 -061.00139384
110 1 0.00 0.0000 BenBuildAsphalt
112  14.59105890 -061.01416107  14.59105620 -061.01413318
112  14.59101246 -061.01416519  14.59099896 -061.01412893
111  14.59101246 -061.01416519
111  14.59095055 -061.01403796
112  14.59095055 -061.01403796  14.59093961 -061.01401375
112  14.59093195 -061.01403933  14.59093039 -061.01406193
111  14.59093195 -061.01403933
111  14.59092042 -061.01417334
112  14.59092042 -061.01417334  14.59092042 -061.01420123
112  14.59086300 -061.01417843  14.59086300 -061.01414217
112  14.59080674 -061.01388142  14.59079112 -061.01381202 3
112  14.59049403 -061.01359706  14.59037743 -061.01358367
111  14.59049403 -061.01359706 3 102
111  14.58998983 -061.01351331
112  14.58998983 -061.01351331  14.58985703 -061.01349824 3 102
112  14.58967076 -061.01370076  14.58959342 -061.01380829 102
112  14.58954118 -061.01396352  14.58953470 -061.01399866
111  14.58954118 -061.01396352
111  14.58949552 -061.01399273
111  14.58895280 -061.01712181
111  14.58898058 -061.01721515 102
111  14.58902261 -061.01735640
112  14.58902261 -061.01735640  14.58905760 -061.01742467 102
112  14.58924074 -061.01782965  14.58919410 -061.01813490
111  14.58924074 -061.01782965
112  14.58924074 -061.01782965  14.58919021 -061.01814695 102
111  14.58882354 -061.01817089
111  14.58878563 -061.01839095
111  14.58828247 -061.01830209
111  14.58829418 -061.01821058
111  14.58818485 -061.01819105
111  14.58819571 -061.01813080 102
111  14.58723042 -061.01796091
112  14.58723042 -061.01796091  14.58701016 -061.01792744 102
112  14.58666500 -061.01834865  14.58659957 -061.01875296
111  14.58666500 -061.01834865 102
111  14.58600005 -061.02227202
111  14.58463333 -061.02203424
111  14.58490759 -061.02040156
111  14.58575572 -061.02057659
111  14.58573069 -061.02071205 102
112  14.58596347 -061.02056928  14.58599687 -061.02040193
111  14.58596347 -061.02056928 102
111  14.58635527 -061.01821352
112  14.58635527 -061.01821352  14.58641746 -061.01775968 102
112  14.58727520 -061.01763125  14.58759717 -061.01769484
111  14.58727520 -061.01763125 102
111  14.58806807 -061.01777395
112  14.58806807 -061.01777395  14.58822365 -061.01779720 102
112  14.58838505 -061.01750780  14.58840221 -061.01741475
111  14.58838505 -061.01750780
111  14.59246825 -060.99363706
111  14.59219001 -060.99360161
111  14.59220846 -060.99345961
111  14.59250501 -060.99346225
111  14.59281742 -060.99172594
111  14.59275485 -060.99166675 102
112  14.59250527 -060.99106988  14.59255926 -060.99066266 102
111  14.59291333 -060.99072022
111  14.59298626 -060.99064015
111  14.59328712 -060.98885307
111  14.59325280 -060.98874956 102
112  14.59313295 -060.98832161  14.59314965 -060.98811621
111  14.59313295 -060.98832161
112  14.59313295 -060.98832161  14.59320413 -060.98793508 102
111  14.59348228 -060.98799945
111  14.59350921 -060.98781788
111  14.59390939 -060.98790377
111  14.59386983 -060.98815751
111  14.59391353 -060.98822289
111  14.59345704 -060.99075993
111  14.59345111 -060.99080695
111  14.59351646 -060.99081983
111  14.59345969 -060.99114651
111  14.59336628 -060.99135125
111  14.59255801 -060.99598514
111  14.59262915 -060.99598960 102
112  14.59300463 -060.99632156  14.59321919 -060.99636494
111  14.59300463 -060.99632156 3 102
111  14.59363804 -060.99644808
112  14.59363804 -060.99644808  14.59385260 -060.99647700 3 102
112  14.59400864 -060.99625513  14.59404461 -060.99604994
111  14.59400864 -060.99625513 3 102
111  14.59433885 -060.99434063
112  14.59433885 -060.99434063  14.59435775 -060.99423185 3 102
112  14.59453475 -060.99417770  14.59459683 -060.99419165
111  14.59453475 -060.99417770 3 102
111  14.59478591 -060.99422020
112  14.59478591 -060.99422020  14.59482640 -060.99422857 3 102
112  14.59485307 -060.99418354  14.59485847 -060.99415565
111  14.59485307 -060.99418354 3
111  14.59486769 -060.99411290
111  14.59528478 -060.99419026
111  14.59494664 -060.99653224
111  14.59470267 -060.99649216
111  14.59468548 -060.99657695
112  14.59468548 -060.99657695  14.59468278 -060.99659927
112  14.59473315 -060.99665173  14.59476824 -060.99665731
111  14.59473315 -060.99665173
111  14.59495199 -060.99668610
111  14.59503250 -060.99617521
111  14.59541353 -060.99625149
111  14.59562652 -060.99518265
111  14.59574060 -060.99550229
111  14.59572483 -060.99558167
111  14.59595978 -060.99562850
111  14.59556165 -060.99758085
111  14.59565417 -060.99760219
111  14.59557202 -060.99803180
111  14.59524471 -060.99796476
111  14.59520292 -060.99821042
111  14.59554793 -060.99864546
111  14.59576338 -060.99854800
112  14.59576338 -060.99854800  14.59575762 -060.99860451
112  14.59568718 -060.99924547  14.59564731 -060.99959304
111  14.59568718 -060.99924547
112  14.59568718 -060.99924547  14.59566029 -060.99947993
112  14.59569068 -060.99991314  14.59573533 -061.00008769
111  14.59569068 -060.99991314
112  14.59569068 -060.99991314  14.59582300 -061.00039787
112  14.59627185 -061.00084440  14.59628073 -061.00085782
111  14.59627185 -061.00084440
111  14.59579608 -061.00132566
111  14.59625242 -061.00158653
111  14.59638384 -061.00134560
111  14.59709420 -061.00175029
111  14.59698269 -061.00195693
112  14.59698269 -061.00195693  14.59710138 -061.00203197
112  14.59727846 -061.00226835  14.59737456 -061.00242541
111  14.59727846 -061.00226835
111  14.59735740 -061.00216013
111  14.59748810 -061.00226952
111  14.59735486 -061.00244868
112  14.59735486 -061.00244868  14.59744205 -061.00264738
112  14.59748899 -061.00292725  14.59748653 -061.00300956
111  14.59748899 -061.00292725
112  14.59748899 -061.00292725  14.59748650 -061.00299905
112  14.59758549 -061.00292978  14.59758549 -061.00286567
111  14.59758342 -061.00269271
111  14.59789377 -061.00268919
111  14.59789306 -061.00360621
111  14.59772360 -061.00405012
111  14.59752364 -061.00454680
111  14.59736025 -061.00447052
111  14.59722905 -061.00478922
111  14.59692366 -061.00465438
111  14.59704955 -061.00435832
111  14.59702468 -061.00433632
111  14.59687547 -061.00470239
112  14.59687547 -061.00470239  14.59682518 -061.00481553
112  14.59667643 -061.00486018  14.59665494 -061.00484816
111  14.59667643 -061.00486018
111  14.59668096 -061.00516014
111  14.59744907 -061.00539421
112  14.59744907 -061.00539421  14.59761038 -061.00544293
112  14.59768407 -061.00519287  14.59768838 -061.00497128
111  14.59768407 -061.00519287
111  14.59767415 -061.00459462
112  14.59767415 -061.00459462  14.59767167 -061.00450487
112  14.59779430 -061.00432426  14.59787123 -061.00430888
111  14.59798262 -061.00423086
111  14.59797327 -061.00446919
112  14.59786077 -061.00443441  14.59782106 -061.00447545
112  14.59779902 -061.00463058  14.59779654 -061.00475624
111  14.59779902 -061.00463058
111  14.59780380 -061.00518434
112  14.59780380 -061.00518434  14.59780628 -061.00532282
112  14.59766614 -061.00555515  14.59751048 -061.00561849
111  14.59766614 -061.00555515
111  14.59763068 -061.00583279
111  14.59753189 -061.00581945
111  14.59757431 -061.00555975
111  14.59737523 -061.00584145
112  14.59737523 -061.00584145  14.59733667 -061.00588628
111  14.59743422 -061.00604949
111  14.59739059 -061.00610374
112  14.59720662 -061.00603577  14.59716324 -061.00608557
111  14.59720662 -061.00603577
111  14.59710482 -061.00616229
112  14.59710482 -061.00616229  14.59707060 -061.00620944
112  14.59694873 -061.00619447  14.59689854 -061.00617796
111  14.59694873 -061.00619447
111  14.59626428 -061.00602961
112  14.59626428 -061.00602961  14.59607149 -061.00598479
111  14.59615809 -061.00570572
111  14.59608990 -061.00568600
112  14.59600974 -061.00603210  14.59606758 -061.00613669
111  14.59600974 -061.00603210
111  14.59575949 -061.00599747
112  14.59575949 -061.00599747  14.59581732 -061.00595762
111  14.59584447 -061.00582950
111  14.59580120 -061.00581024
111  14.59567086 -061.00597432
111  14.59464889 -061.00573579
112  14.59464889 -061.00573579  14.59456695 -061.00571586
112  14.59461322 -061.00559079  14.59467588 -061.00554098
111  14.59461322 -061.00559079
111  14.59491480 -061.00540388
112  14.59491480 -061.00540388  14.59496300 -061.00536901
112  14.59483985 -061.00524143  14.59474345 -061.00520657
111  14.59483985 -061.00524143
111  14.59433519 -061.00501705
111  14.59453192 -061.00455391
112  14.59449677 -061.00445296  14.59450989 -061.00441475
111  14.59449677 -061.00445296
112  14.59454426 -061.00432030  14.59455380 -061.00429318
111  14.59448088 -061.00426184
111  14.59450197 -061.00416797
112  14.59458899 -061.00416849  14.59461433 -061.00414572
111  14.59458899 -061.00416849
111  14.59470547 -061.00401807
111  14.59438659 -061.00386976
112  14.59438659 -061.00386976  14.59431798 -061.00383875
112  14.59415231 -061.00399913  14.59412658 -061.00411877
111  14.59415231 -061.00399913
111  14.59386486 -061.00554477
111  14.59394010 -061.00556054
111  14.59362523 -061.00734925
111  14.59283862 -061.00722432
111  14.59274340 -061.00776294
111  14.59255161 -061.00773296
111  14.59256091 -061.00705228
112  14.59256091 -061.00705228  14.59236656 -061.00701546 3 102
112  14.59215333 -061.00722472  14.59212742 -061.00739876
111  14.59215333 -061.00722472 3 102
112  14.59105379 -061.01369904  14.59102787 -061.01387309
113  14.59105379 -061.01369904
111  14.59393455 -060.99732048
112  14.59393455 -060.99732048  14.59398119 -060.99702647 3 102
112  14.59362671 -060.99680476  14.59345879 -060.99676621
111  14.59362671 -060.99680476 3 102
111  14.59293172 -060.99666981
112  14.59293172 -060.99666981  14.59269850 -060.99663607 102
112  14.59247462 -060.99684332  14.59246529 -060.99691080
111  14.59247462 -060.99684332
111  14.59240465 -060.99689634
111  14.59194755 -060.99956648
111  14.59199419 -060.99971107 102
112  14.59228338 -060.99988940  14.59246529 -060.99992796
111  14.59228338 -060.99988940 3 102
111  14.59315561 -061.00006291
112  14.59315561 -061.00006291  14.59333752 -061.00010147 3 102
112  14.59351288 -060.99977007  14.59354087 -060.99963512
113  14.59351288 -060.99977007 3 102
111  14.59305411 -061.00087397
112  14.59305411 -061.00087397  14.59308110 -061.00070429 3 102
112  14.59276622 -061.00037722  14.59259698 -061.00034163
111  14.59276622 -061.00037722 3 102
111  14.59222301 -061.00026733
112  14.59222301 -061.00026733  14.59216677 -061.00025338 102
112  14.59186667 -061.00041906  14.59184401 -061.00051204
111  14.59186667 -061.00041906
111  14.59180762 -061.00045331
111  14.59080479 -061.00636485
111  14.59084172 -061.00639604 102
112  14.59103666 -061.00660670  14.59113384 -061.00662343
111  14.59103666 -061.00660670 3 102
111  14.59165379 -061.00670674
112  14.59165379 -061.00670674  14.59168826 -061.00671030
112  14.59174308 -061.00661204  14.59175355 -061.00657984
111  14.59174308 -061.00661204
112  14.59174308 -061.00661204  14.59175738 -061.00656806
112  14.59176124 -061.00650859  14.59176904 -061.00650054
111  14.59176124 -061.00650859
112  14.59176124 -061.00650859  14.59176900 -061.00650058
112  14.59183708 -061.00648679  14.59186348 -061.00648765
111  14.59183708 -061.00648679
111  14.59185699 -061.00652611
112  14.59180034 -061.00654258  14.59179809 -061.00656582
111  14.59180034 -061.00654258
111  14.59177984 -061.00665962
112  14.59177984 -061.00665962  14.59177984 -061.00668054
111  14.59186359 -061.00670252
112  14.59186359 -061.00670252  14.59193557 -061.00671182 3 102
112  14.59208066 -061.00653258  14.59210090 -061.00641869
113  14.59208066 -061.00653258 3 102
111  14.58969468 -061.01288337
111  14.58971800 -061.01294602
112  14.58971800 -061.01294602  14.58971638 -061.01296276 102
112  14.58981445 -061.01313650  14.58987461 -061.01322295 3 102
112  14.59004450 -061.01332196  14.59013196 -061.01333535
111  14.59004450 -061.01332196 3 102
111  14.59056859 -061.01340617
112  14.59056859 -061.01340617  14.59070140 -061.01342625 3 102
112  14.59096843 -061.01299850  14.59099434 -061.01284454
111  14.59096843 -061.01299850 3 102
111  14.59191648 -061.00747351
112  14.59191648 -061.00747351  14.59193528 -061.00737351 3 102
112  14.59190399 -061.00726240  14.59188677 -061.00716740
111  14.59190399 -061.00726240
112  14.59190399 -061.00726240  14.59193004 -061.00700750 3 102
112  14.59163303 -061.00682691  14.59146199 -061.00679418
111  14.59163303 -061.00682691 3 102
111  14.59101792 -061.00673261
112  14.59101792 -061.00673261  14.59088512 -061.00671252 102
111  14.59074376 -061.00690839
111  14.59068313 -061.00691857
111  14.59003661 -061.01076776
111  14.59008143 -061.01082209
112  14.59008143 -061.01082209  14.59017488 -061.01094148 102
112  14.59038197 -061.01154492  14.59036238 -061.01185129
111  14.59038197 -061.01154492
112  14.59038197 -061.01154492  14.59032830 -061.01185223 102
112  14.58989824 -061.01191191  14.58978790 -061.01192042
111  14.58989824 -061.01191191
113  14.58985538 -061.01191360
111  14.59309535 -061.00445644 21
111  14.59384591 -061.00462820
111  14.59399107 -061.00392453
112  14.59399107 -061.00392453  14.59402967 -061.00374285
112  14.59444374 -061.00366674  14.59460669 -061.00374651
111  14.59444374 -061.00366674
111  14.59505044 -061.00398213 3
111  14.59538702 -061.00320132
112  14.59538702 -061.00320132  14.59543404 -061.00306945 3 102
112  14.59527955 -061.00285430  14.59520567 -061.00280572
111  14.59527955 -061.00285430 3 102
112  14.59461823 -061.00233902  14.59441673 -061.00217245 3 102
112  14.59398472 -061.00158646  14.59394442 -061.00153093
111  14.59398472 -061.00158646
111  14.59384499 -061.00150916
111  14.59363305 -061.00147584
112  14.59363305 -061.00147584  14.59361055 -061.00147119
112  14.59362730 -061.00150773  14.59364754 -061.00151470
111  14.59362730 -061.00150773
111  14.59361439 -061.00157928
112  14.59361439 -061.00157928  14.59360989 -061.00160717
112  14.59367519 -061.00167544  14.59366844 -061.00170100
111  14.59367519 -061.00167544
112  14.59361955 -061.00187855  14.59359931 -061.00189715
112  14.59340883 -061.00182820  14.59339983 -061.00180496
111  14.59345531 -061.00159600
111  14.59350711 -061.00160563
111  14.59353219 -061.00146121
111  14.59346980 -061.00143247
112  14.59346980 -061.00143247  14.59346755 -061.00136041
112  14.59353043 -061.00097459  14.59356642 -061.00088394
111  14.59353043 -061.00097459 3 102
111  14.59335835 -061.00093388
112  14.59335835 -061.00093388  14.59330094 -061.00092703 3 102
112  14.59322923 -061.00100429  14.59321732 -061.00105968
111  14.59322923 -061.00100429 3 102
111  14.59226421 -061.00657022
112  14.59226421 -061.00657022  14.59223246 -061.00678711 3 102
111  14.59261332 -061.00684107
112  14.59261332 -061.00684107  14.59266174 -061.00684515 3 102
112  14.59269474 -061.00677229  14.59270068 -061.00673855
113  14.59269474 -061.00677229 3
112  14.59467045 -060.99591770  14.59468124 -060.99583403
112  14.59453257 -060.99559309  14.59452754 -060.99552529
111  14.59454358 -060.99536058
111  14.59437655 -060.99535779
112  14.59437655 -060.99535779  14.59435496 -060.99535918
112  14.59429725 -060.99540738  14.59427063 -060.99543475 3
112  14.59424474 -060.99549623  14.59424101 -060.99552379
111  14.59424474 -060.99549623 3 102
111  14.59415628 -060.99602868
111  14.59423064 -060.99604593
111  14.59435062 -060.99607137
111  14.59442697 -060.99608756
111  14.59437104 -060.99640431
112  14.59437104 -060.99640431  14.59435497 -060.99647783 3 102
112  14.59454183 -060.99659949  14.59464693 -060.99657694
111  14.59454183 -060.99659949
112  14.59457468 -060.99648921  14.59457873 -060.99646550
113  14.59457468 -060.99648921
112  14.59463337 -060.99503826  14.59467925 -060.99497969
111  14.59463337 -060.99503826
111  14.59493063 -060.99509229
111  14.59497043 -060.99481172
111  14.59484615 -060.99478815 3 102
111  14.59446596 -060.99471605
112  14.59446596 -060.99471605  14.59442371 -060.99470685 3 102
112  14.59436802 -060.99478483  14.59436239 -060.99481001
111  14.59436802 -060.99478483 3 102
111  14.59429754 -060.99519862
112  14.59429754 -060.99519862  14.59429424 -060.99522303 3
112  14.59432478 -060.99526088  14.59434232 -060.99527623
112  14.59437925 -060.99528025  14.59439409 -060.99527606
111  14.59437925 -060.99528025
113  14.59454747 -060.99528181
111  14.59487003 -060.99466823
111  14.59489394 -060.99452738
111  14.59484636 -060.99451972
112  14.59484636 -060.99451972  14.59481430 -060.99451751
112  14.59480142 -060.99445838  14.59480142 -060.99444482
111  14.59480142 -060.99445838
111  14.59478846 -060.99438859
112  14.59478846 -060.99438859  14.59478471 -060.99435566 3 102
112  14.59474181 -060.99432432  14.59470058 -060.99431657
111  14.59474181 -060.99432432 3 102
111  14.59455524 -060.99429219
112  14.59455524 -060.99429219  14.59451925 -060.99428754 3 102
112  14.59444134 -060.99436172  14.59443234 -060.99441518
111  14.59444134 -060.99436172
111  14.59441452 -060.99452899
112  14.59441452 -060.99452899  14.59441077 -060.99457045
112  14.59448769 -060.99460575  14.59453635 -060.99461900
113  14.59448769 -060.99460575
111  14.59687227 -061.00418620
111  14.59668429 -061.00409157 3 102
111  14.59669393 -061.00397701 3 102
112  14.59656379 -061.00390728  14.59660235 -061.00392223
111  14.59656379 -061.00390728 1 102
111  14.59651077 -061.00383258
111  14.59620230 -061.00451492
111  14.59622158 -061.00452488
111  14.59642349 -061.00462319
112  14.59642349 -061.00462319  14.59659459 -061.00470980
112  14.59674139 -061.00448427  14.59679441 -061.00436972
113  14.59674139 -061.00448427
112  14.59707305 -061.00350380  14.59703209 -061.00348356 3 102
111  14.59680531 -061.00338324
112  14.59680531 -061.00338324  14.59676193 -061.00337328 3 102
112  14.59667947 -061.00344409  14.59665537 -061.00348892
111  14.59667947 -061.00344409 3 102
111  14.59660235 -061.00364829
112  14.59660235 -061.00364829  14.59658025 -061.00369626 3 102
112  14.59666019 -061.00382759  14.59670839 -061.00384752
111  14.59666019 -061.00382759 3 102
111  14.59690601 -061.00394713
112  14.59690601 -061.00394713  14.59695420 -061.00397203 3 102
112  14.59700240 -061.00389732  14.59701686 -061.00384752
111  14.59700240 -061.00389732
111  14.59712457 -061.00361104
114  14.59712457 -061.00361104  14.59714060 -061.00356687 3 102
112  14.59732491 -061.00293141  14.59732009 -061.00286666
111  14.59732491 -061.00293141
112  14.59716413 -061.00297537  14.59709823 -061.00297169
112  14.59699425 -061.00292601  14.59696576 -061.00289841
111  14.59699425 -061.00292601
111  14.59680128 -061.00273229
111  14.59677192 -061.00257536
111  14.59683214 -061.00254891
111  14.59688190 -061.00266486
112  14.59703781 -061.00277695  14.59710014 -061.00278800
111  14.59703781 -061.00277695
112  14.59703781 -061.00277695  14.59709646 -061.00274083
112  14.59723501 -061.00276392  14.59728363 -061.00278243
111  14.59723501 -061.00276392
111  14.59730404 -061.00281544
112  14.59730404 -061.00281544  14.59725808 -061.00263642
112  14.59685781 -061.00209933  14.59659034 -061.00193350
111  14.59685781 -061.00209933
111  14.59561427 -061.00142197
111  14.59523350 -061.00197481
111  14.59536846 -061.00211925
112  14.59536846 -061.00211925  14.59542147 -061.00216906
112  14.59565765 -061.00204952  14.59571549 -061.00194493
111  14.59565765 -061.00204952
112  14.59582833 -061.00171085  14.59588330 -061.00160044
111  14.59582833 -061.00171085
112  14.59582833 -061.00171085  14.59583781 -061.00169181
112  14.59585045 -061.00166602  14.59585541 -061.00165576
111  14.59585045 -061.00166602
112  14.59585045 -061.00166602  14.59588418 -061.00159629
112  14.59598540 -061.00174571  14.59593721 -061.00184532
111  14.59598540 -061.00174571
111  14.59562391 -061.00251272 3 102
111  14.59648185 -061.00292611
112  14.59648185 -061.00292611  14.59658307 -061.00297591 3 102
112  14.59681443 -061.00320112  14.59689636 -061.00323598
111  14.59681443 -061.00320112 3 102
112  14.59713941 -061.00335453  14.59718393 -061.00337661 3 102
111  14.59722013 -061.00332965
114  14.59722013 -061.00332965  14.59730207 -061.00313043
111  14.59587937 -061.00566543
111  14.59628456 -061.00476616
111  14.59583878 -061.00455121
113  14.59541509 -061.00546501
111  14.59691696 -061.00597467
111  14.59719069 -061.00565164
111  14.59679908 -061.00577373
111  14.59674474 -061.00557891
111  14.59684101 -061.00541581
112  14.59684101 -061.00541581  14.59671087 -061.00535106
112  14.59647703 -061.00544629  14.59641919 -061.00554092
111  14.59647703 -061.00544629
111  14.59637100 -061.00562061
112  14.59637100 -061.00562061  14.59632762 -061.00574014
112  14.59637582 -061.00584971  14.59642883 -061.00585967
113  14.59637582 -061.00584971
130 Airport Boundary
111  14.59768329 -061.00664379
111  14.59453029 -061.00585461
111  14.59408969 -061.00741158
111  14.59258781 -061.00742827
111  14.59056792 -061.01991554
111  14.58712914 -061.01919815
111  14.58655080 -061.02267870
111  14.58449353 -061.02238326
111  14.58388514 -061.02306546
111  14.58338026 -061.02217992
111  14.58362429 -061.02013040
111  14.58446359 -061.01954835
111  14.58474008 -061.01958330
111  14.58564306 -061.01830241
111  14.58612695 -061.01670111
111  14.58731321 -061.01645678
111  14.59267466 -060.98401448
111  14.59525633 -060.98450295
111  14.59426641 -060.99083750
111  14.59716115 -060.99149416
111  14.59674345 -060.99717284
113  14.59842156 -061.00166785
120 Linear Feature 2
111  14.59652102 -061.00362297 20
111  14.59661859 -061.00337893 20
111  14.59556622 -061.00289756
111  14.59564826 -061.00304032 20
111  14.59551597 -061.00297403
111  14.59561593 -061.00294816 20
111  14.59556270 -061.00306339
111  14.59505891 -061.00396240 20
115  14.59592996 -061.00437893
120 TB
112  14.58998764 -061.01075659  14.59001257 -061.01087804 3
112  14.59009771 -061.01099176  14.59013510 -061.01103777 3
112  14.59029224 -061.01156661  14.59023101 -061.01183780
111  14.59029224 -061.01156661
112  14.59029224 -061.01156661  14.59020039 -061.01186040 3
116  14.58980045 -061.01186989  14.58969953 -061.01184995
120 TL
112  14.59015483 -061.01146123  14.59019491 -061.01170353 51
116  14.58969371 -061.01170844  14.58949954 -061.01160126
120 TL
111  14.58986701 -061.01095353 51
111  14.59015483 -061.01146123 52
115  14.59030032 -061.01172278
120 TL
112  14.59267322 -060.99112892  14.59261473 -060.99104100 51
112  14.59297317 -060.99089011  14.59319960 -060.99094825
111  14.59297317 -060.99089011
112  14.59297317 -060.99089011  14.59325744 -060.99094445 51
111  14.59321182 -060.99123720
112  14.59321182 -060.99123720  14.59319539 -060.99149019 51
115  14.59308858 -060.99148680
120 TL
111  14.59294495 -060.99232582 51
111  14.59299791 -060.99201889 51
112  14.59295833 -060.99160804  14.59287654 -060.99143901
111  14.59295833 -060.99160804 51
111  14.59267322 -060.99112892 52
115  14.59255888 -060.99094788
120 TL
111  14.58872572 -061.01691886 51
111  14.58866082 -061.01729459
112  14.58866082 -061.01729459  14.58863775 -061.01744680 51
111  14.58906243 -061.01770164 52
115  14.58920432 -061.01794362
120 TL
111  14.58868814 -061.01711082 51
111  14.58865075 -061.01732606
112  14.58865075 -061.01732606  14.58863884 -061.01738218 51
112  14.58856379 -061.01752514  14.58854163 -061.01757551 51
111  14.58852906 -061.01763555 51
112  14.58874008 -061.01803023  14.58899261 -061.01806787
111  14.58874008 -061.01803023
112  14.58874008 -061.01803023  14.58918243 -061.01811366 51
115  14.58906243 -061.01770164
120 TL
111  14.59348621 -060.98911016 51
111  14.59355244 -060.98869783
112  14.59355244 -060.98869783  14.59357470 -060.98857258 51
111  14.59322597 -060.98823462 51
112  14.59358971 -060.98809964  14.59385653 -060.98822845 51
115  14.59365969 -060.98857567
120 RH
111  14.58716761 -061.01792397 54
115  14.58720680 -061.01766495
120 RH
111  14.59363517 -060.99649890 54
111  14.59359335 -060.99673992
111  14.59299505 -061.00008453 54
111  14.59294003 -061.00038993
111  14.59141791 -061.00666835 54
111  14.59139993 -061.00679097
111  14.59063765 -061.01339975 54
115  14.59068819 -061.01366556
120 TH
112  14.59395779 -060.99641501  14.59401716 -060.99637922 55
112  14.59417809 -060.99604489  14.59420528 -060.99584621
111  14.59417809 -060.99604489
111  14.59415142 -060.99737282 55
115  14.59396604 -060.99733248
120 TH
111  14.59468548 -060.99657695 21
115  14.59398785 -061.00041509
120 TH
111  14.59208348 -061.00762967 55
115  14.59189639 -061.00759262
120 TH
111  14.59258555 -061.00683679 55
115  14.59254960 -061.00704793
120 TH
111  14.59212005 -061.00629226 55
115  14.59230538 -061.00632846
120 TH
111  14.59684717 -061.00405653 5
111  14.59689888 -061.00394345
111  14.59707305 -061.00350380 5
111  14.59713941 -061.00335453
111  14.59660276 -061.00373839 5
115  14.59646786 -061.00375807
120 TL
111  14.59102194 -061.01321480 51
111  14.59207395 -061.00709349 51
111  14.59215408 -061.00662725 51
115  14.59314061 -061.00089217
120 TL
111  14.58565305 -061.02143560 51
112  14.58553259 -061.02156358  14.58551560 -061.02164902
111  14.58553259 -061.02156358 51
111  14.58548891 -061.02184832
112  14.58548891 -061.02184832  14.58546059 -061.02197473 51
115  14.58534763 -061.02196288
120 TL
111  14.58574652 -061.02142828 58
112  14.58569621 -061.02153551  14.58568148 -061.02160223
111  14.58569621 -061.02153551 58
112  14.58564722 -061.02185034  14.58562920 -061.02194281
111  14.58564722 -061.02185034
112  14.58564722 -061.02185034  14.58563271 -061.02192966 58
116  14.58573621 -061.02202989  14.58582619 -061.02204582
120 TL
111  14.58583207 -061.02142122 51
111  14.58574652 -061.02142828 51
111  14.58565305 -061.02143560 51
115  14.58544029 -061.02145262
120 TL
111  14.58527611 -061.02155073 51
112  14.58544029 -061.02145262  14.58557736 -061.02143975
111  14.58544029 -061.02145262
112  14.58544029 -061.02145262  14.58532441 -061.02141786 51
115  14.58532345 -061.02126509
120 TL
111  14.58573621 -061.02202989 51
111  14.58534763 -061.02196288 51
112  14.58523358 -061.02180514  14.58525567 -061.02166819
111  14.58523358 -061.02180514 51
111  14.58527611 -061.02155073 51
111  14.58532345 -061.02126509 51
111  14.58538010 -061.02092487 51
112  14.58555707 -061.02079670  14.58570175 -061.02081165
111  14.58555707 -061.02079670 51
115  14.58584483 -061.02086252
120 TL
111  14.58598425 -061.02136170 51
112  14.58592721 -061.02141380  14.58588977 -061.02141908
111  14.58592721 -061.02141380 51
111  14.58583207 -061.02142122 51
112  14.58568037 -061.02123666  14.58567697 -061.02109595
111  14.58568037 -061.02123666 51
111  14.58572077 -061.02096179
112  14.58572077 -061.02096179  14.58573324 -061.02090514 51
111  14.58578552 -061.02087899 51
111  14.58584483 -061.02086252 51
111  14.58592087 -061.02088036
112  14.58592087 -061.02088036  14.58602180 -061.02088551 51
115  14.58608167 -061.02077951
120 TL
111  14.58852906 -061.01763555 51
112  14.58802185 -061.01793443  14.58770251 -061.01785660
111  14.58802185 -061.01793443 51
111  14.58719397 -061.01779643 51
112  14.58649295 -061.01828900  14.58635849 -061.01887376
111  14.58649295 -061.01828900 51
111  14.58608167 -061.02077951 51
111  14.58598425 -061.02136170 58
112  14.58590032 -061.02187853  14.58587894 -061.02198673
111  14.58590032 -061.02187853
112  14.58590032 -061.02187853  14.58588536 -061.02194919 58
116  14.58573621 -061.02202989  14.58559068 -061.02200614
120 TL
111  14.59054461 -061.01350258 51
115  14.58974915 -061.01337970
120 TL
112  14.59382208 -060.99665312  14.59386908 -060.99666206 57
112  14.59402980 -060.99649100  14.59405788 -060.99632390
111  14.59402980 -060.99649100 51
111  14.59430736 -060.99481290 51
111  14.59439217 -060.99434759
112  14.59439217 -060.99434759  14.59440072 -060.99429017 51
112  14.59452750 -060.99423455  14.59460170 -060.99424682
111  14.59452750 -060.99423455 51
111  14.59492895 -060.99431281
111  14.59489014 -060.99451892 51
111  14.59492895 -060.99431281 51
111  14.59496253 -060.99413452
111  14.59506257 -060.99425370 51
111  14.59484690 -060.99420548
111  14.59503124 -060.99445148 51
111  14.59479097 -060.99440010
111  14.59497648 -060.99475283 51
111  14.59447461 -060.99465685
112  14.59447461 -060.99465685  14.59433742 -060.99463582 51
115  14.59430736 -060.99481290
120 TL
111  14.59275588 -061.00017720 51
115  14.59207238 -061.00004258
120 TL
111  14.59369628 -060.99662978 57
111  14.59361796 -060.99661458 51
115  14.59273376 -060.99645138
120 TL
111  14.58916530 -061.01437277 51
111  14.58928556 -061.01367424
112  14.58928556 -061.01367424  14.58930293 -061.01358193 51
112  14.58974915 -061.01337970  14.59014847 -061.01339628
111  14.58974915 -061.01337970
112  14.58974915 -061.01337970  14.58936550 -061.01325821 51
112  14.58941292 -061.01293185  14.58942284 -061.01285492
111  14.58941292 -061.01293185 51
115  14.58953318 -061.01223332
120 TL
111  14.59032685 -061.00761982 51
111  14.59044482 -061.00692788
112  14.59044482 -061.00692788  14.59045344 -061.00687446 51
112  14.59094852 -061.00665048  14.59133405 -061.00670980
111  14.59094852 -061.00665048
112  14.59094852 -061.00665048  14.59056142 -061.00659132 51
112  14.59057461 -061.00618480  14.59058495 -061.00612247
111  14.59057461 -061.00618480 51
115  14.59069274 -061.00548609
120 TL
111  14.59207071 -060.99746038 51
111  14.59218953 -060.99676202
112  14.59218953 -060.99676202  14.59220662 -060.99665161 51
112  14.59273376 -060.99645138  14.59311332 -060.99651763
111  14.59273376 -060.99645138
112  14.59273376 -060.99645138  14.59235761 -060.99638618 51
112  14.59233515 -060.99593275  14.59235225 -060.99582233
111  14.59233515 -060.99593275 51
115  14.59245540 -060.99523588
120 TL
111  14.59142805 -061.00120819 51
111  14.59154830 -061.00050905 51
112  14.59207238 -061.00004258  14.59247331 -061.00004258
111  14.59207238 -061.00004258
112  14.59207238 -061.00004258  14.59169421 -060.99992799 51
111  14.59171624 -060.99954560 51
115  14.59183650 -060.99884799
120 TL
111  14.59351352 -061.00186167 58
115  14.59373247 -061.00054622
120 TL
111  14.59381682 -061.00070126 51
112  14.59359823 -061.00035474  14.59348203 -061.00027998
111  14.59359823 -061.00035474
112  14.59359823 -061.00035474  14.59353229 -061.00030465 51
112  14.59335303 -061.00025331  14.59326431 -061.00023341
111  14.59335303 -061.00025331
112  14.59335303 -061.00025331  14.59325578 -061.00023150 57
116  14.59310259 -061.00022008  14.59299146 -061.00021345
120 TL
112  14.59329799 -061.00049824  14.59334287 -061.00042757 51
115  14.59365872 -061.00007736
120 TL
112  14.59362467 -060.99988545  14.59361753 -061.00006452 51
112  14.59335011 -061.00018936  14.59322546 -061.00022710 57
111  14.59310259 -061.00022008
112  14.59310259 -061.00022008  14.59315617 -061.00022584 57
111  14.59297561 -061.00020542 51
112  14.59275588 -061.00017720  14.59271097 -061.00016982
111  14.59275588 -061.00017720
112  14.59275588 -061.00017720  14.59282787 -061.00019177 51
112  14.59296201 -061.00029284  14.59302580 -061.00035651
111  14.59296201 -061.00029284
112  14.59296201 -061.00029284  14.59300454 -061.00033529 57
112  14.59307619 -061.00045377  14.59310632 -061.00051664
111  14.59307619 -061.00045377
112  14.59307619 -061.00045377  14.59310360 -061.00051097 57
112  14.59313605 -061.00064959  14.59314766 -061.00072279 51
112  14.59314061 -061.00089217  14.59313116 -061.00098054
111  14.59314061 -061.00089217
112  14.59314061 -061.00089217  14.59315984 -061.00078175 51
112  14.59329799 -061.00049824  14.59334712 -061.00043643
111  14.59329799 -061.00049824
112  14.59329799 -061.00049824  14.59339199 -061.00038344 51
115  14.59359823 -061.00035474
120 TL
112  14.59408707 -060.99714545  14.59409820 -060.99708283 51
112  14.59399504 -060.99679510  14.59390515 -060.99671127 57
115  14.59369628 -060.99662978
120 TL
112  14.59424929 -060.99659751  14.59423360 -060.99666452 51
112  14.59400960 -060.99669208  14.59387370 -060.99666441
111  14.59400960 -060.99669208 57
111  14.59382208 -060.99665312 57
111  14.59369628 -060.99662978 51
115  14.59273376 -060.99645138
120 TL
112  14.59362467 -060.99988545  14.59362563 -060.99987267 51
111  14.59362910 -060.99983665 51
111  14.59366840 -060.99951333 51
111  14.59375425 -060.99902192 51
111  14.59377752 -060.99888937 51
111  14.59380398 -060.99874026 51
111  14.59384701 -060.99849802 51
111  14.59389136 -060.99824844 51
111  14.59390912 -060.99814819 51
111  14.59392720 -060.99804601 51
111  14.59397161 -060.99779566 51
111  14.59400474 -060.99760921 51
111  14.59402420 -060.99749956 51
111  14.59403999 -060.99741049 51
111  14.59408707 -060.99714545 51
111  14.59410745 -060.99703094 51
111  14.59424929 -060.99659751
112  14.59424929 -060.99659751  14.59425671 -060.99653745 51
115  14.59435062 -060.99607137
120 TL
112  14.59410745 -060.99703094  14.59413398 -060.99693225 58
111  14.59433477 -060.99688231 58
111  14.59409612 -060.99682583 51
115  14.59399504 -060.99679510
120 TL
111  14.59484740 -060.99508282 51
111  14.59463049 -060.99653621
112  14.59463049 -060.99653621  14.59458176 -060.99677206 51
112  14.59433477 -060.99688231  14.59420398 -060.99685846
111  14.59433477 -060.99688231
111  14.59521147 -060.99706265 58
111  14.59468588 -060.99695211 58
115  14.59433477 -060.99688231
120 TL
111  14.59508186 -060.99753368 58
111  14.59465892 -060.99744053 58
115  14.59426517 -060.99735366
120 TL
111  14.59496410 -060.99819457 58
111  14.59451576 -060.99810376 58
115  14.59414703 -060.99803080
120 TL
111  14.59465300 -060.99882059 58
111  14.59439663 -060.99878696 58
115  14.59402973 -060.99873882
120 TL
112  14.59382627 -061.00068846  14.59384551 -061.00071716 51
112  14.59415416 -061.00037993  14.59414740 -061.00002857
111  14.59415416 -061.00037993 51
111  14.59477214 -061.00013803 51
115  14.59486353 -061.00010226
120 TL
112  14.59414253 -061.00138450  14.59416305 -061.00140835 51
112  14.59444586 -061.00114992  14.59440229 -061.00081729
111  14.59444586 -061.00114992 51
115  14.59519569 -061.00068385
120 TL
112  14.59473418 -061.00216990  14.59495613 -061.00211651 51
112  14.59493770 -061.00170869  14.59481340 -061.00145275
111  14.59493770 -061.00170869 51
115  14.59547421 -061.00112364
120 TL
112  14.59620064 -061.00308258  14.59614498 -061.00305720 58
116  14.59596387 -061.00320749  14.59590867 -061.00327926
120 TL
112  14.59593314 -061.00295121  14.59608607 -061.00300465 51
112  14.59602663 -061.00325983  14.59599446 -061.00333167
111  14.59602663 -061.00325983 51
112  14.59564724 -061.00411698  14.59564554 -061.00412107
111  14.59564724 -061.00411698
112  14.59564724 -061.00411698  14.59562687 -061.00416588 51
112  14.59555491 -061.00415380  14.59551390 -061.00413794
111  14.59555491 -061.00415380 51
111  14.59526073 -061.00401366
112  14.59526073 -061.00401366  14.59520606 -061.00398780 51
112  14.59520255 -061.00388347  14.59523807 -061.00380539
111  14.59520255 -061.00388347 51
112  14.59523543 -061.00380901  14.59527324 -061.00373093
111  14.59523543 -061.00380901 51
111  14.59533008 -061.00359397
111  14.59542948 -061.00336886 51
111  14.59551797 -061.00316845
112  14.59551797 -061.00316845  14.59555789 -061.00308790 51
112  14.59565184 -061.00312174  14.59570127 -061.00314335
111  14.59565184 -061.00312174 51
111  14.59596168 -061.00327678 51
111  14.59586038 -061.00350702 51
111  14.59555024 -061.00334587
112  14.59555024 -061.00334587  14.59550271 -061.00332230 51
112  14.59542948 -061.00336886  14.59541725 -061.00339571
111  14.59542948 -061.00336886 51
111  14.59533008 -061.00359397
112  14.59533008 -061.00359397  14.59535224 -061.00354581 51
112  14.59544788 -061.00357880  14.59550872 -061.00360631
111  14.59544788 -061.00357880 51
111  14.59575888 -061.00373492 51
111  14.59566703 -061.00394401 51
112  14.59535088 -061.00378741  14.59533833 -061.00378135
111  14.59535088 -061.00378741
112  14.59535088 -061.00378741  14.59529385 -061.00375990 51
116  14.59523543 -061.00380901  14.59522168 -061.00383744
120 TL
112  14.59620064 -061.00308258  14.59626148 -061.00311205 58
112  14.59629358 -061.00327027  14.59625259 -061.00336524
111  14.59629358 -061.00327027 58
111  14.59624066 -061.00339277
111  14.59610417 -061.00370871 58
111  14.59596380 -061.00403364
112  14.59596380 -061.00403364  14.59595191 -061.00405820 58
112  14.59585955 -061.00408512  14.59579485 -061.00405919 58
111  14.59553307 -061.00367014 58
111  14.59567334 -061.00335524 58
112  14.59599176 -061.00373817  14.59603797 -061.00375727 58
112  14.59610417 -061.00370871  14.59611105 -061.00369213
111  14.59610417 -061.00370871 58
111  14.59624066 -061.00339277
112  14.59624066 -061.00339277  14.59623149 -061.00341566 58
112  14.59612996 -061.00344287  14.59607583 -061.00341422
111  14.59612996 -061.00344287
112  14.59612996 -061.00344287  14.59608136 -061.00341715 58
111  14.59580778 -061.00304380
111  14.59567334 -061.00335524 58
111  14.59580778 -061.00304380 58
115  14.59577912 -061.00288077
120 TL
111  14.59610671 -061.00429604 58
111  14.59626309 -061.00437276
111  14.59636697 -061.00413750 58
111  14.59622061 -061.00406683
111  14.59630966 -061.00386154 58
115  14.59646020 -061.00392930
120 TL
111  14.59256902 -061.00693318 1
111  14.59234288 -061.00689480 51
111  14.59191039 -061.00681344 51
111  14.59173995 -061.00678456 57
111  14.59140926 -061.00672854 51
115  14.59094852 -061.00665048
120 TL
112  14.59234288 -061.00689480  14.59253370 -061.00693104
111  14.59234288 -061.00689480
112  14.59234288 -061.00689480  14.59215349 -061.00685779 51
111  14.59207395 -061.00709349 51
112  14.59191039 -061.00681344  14.59174851 -061.00678602
111  14.59191039 -061.00681344
112  14.59191039 -061.00681344  14.59207314 -061.00684122 51
113  14.59215408 -061.00662725 51
120 TL
111  14.59338147 -061.00669918 1
111  14.59323248 -061.00667124
112  14.59323248 -061.00667124  14.59317062 -061.00666160 1
116  14.59313398 -061.00673368  14.59312999 -061.00676563
120 TL
111  14.59341363 -061.00650358 1
111  14.59326145 -061.00647500
112  14.59326145 -061.00647500  14.59319959 -061.00646536 1
116  14.59316822 -061.00653511  14.59316323 -061.00656706
120 TL
111  14.59344955 -061.00629232 1
111  14.59329759 -061.00626283
112  14.59329759 -061.00626283  14.59323573 -061.00625320 1
116  14.59320317 -061.00633381  14.59320018 -061.00635030
120 TL
111  14.59348445 -061.00608706 1
111  14.59333443 -061.00605881
112  14.59333443 -061.00605881  14.59327357 -061.00604608 1
116  14.59323978 -061.00612276  14.59323579 -061.00614749
120 TL
111  14.59351707 -061.00589524 1
111  14.59336593 -061.00586465
112  14.59336593 -061.00586465  14.59330407 -061.00585501 1
116  14.59327014 -061.00594654  14.59326615 -061.00597333
120 TL
111  14.59358082 -061.00537726 1
111  14.59345953 -061.00535455
112  14.59345953 -061.00535455  14.59339331 -061.00534379 1
116  14.59336554 -061.00541644  14.59336155 -061.00543808
120 TL
111  14.59361105 -061.00520830 1
111  14.59348754 -061.00518160
112  14.59348754 -061.00518160  14.59342333 -061.00516672 1
116  14.59339586 -061.00524087  14.59339286 -061.00526663
120 TL
111  14.59364334 -061.00502784 1
111  14.59351979 -061.00499936
112  14.59351979 -061.00499936  14.59344911 -061.00498294 1
116  14.59342284 -061.00508554  14.59341586 -061.00512676
120 TL
111  14.59309835 -061.00693927 1
111  14.59313398 -061.00673368 1
111  14.59316822 -061.00653511 1
111  14.59320317 -061.00633381 1
111  14.59323978 -061.00612276 1
111  14.59327014 -061.00594654 1
111  14.59329947 -061.00577841 1
111  14.59335226 -061.00549165 1
111  14.59336554 -061.00541644 1
111  14.59339586 -061.00524087 1
111  14.59342284 -061.00508554 1
111  14.59345490 -061.00489963
112  14.59345490 -061.00489963  14.59345767 -061.00488460 1
112  14.59354613 -061.00482472  14.59360722 -061.00483616
111  14.59354613 -061.00482472 1
111  14.59367345 -061.00484939
112  14.59367345 -061.00484939  14.59371136 -061.00485651 1
112  14.59373877 -061.00496145  14.59372445 -061.00504069
111  14.59373877 -061.00496145 1
111  14.59362760 -061.00559645
112  14.59362760 -061.00559645  14.59361762 -061.00565622 1
116  14.59363170 -061.00583487  14.59361973 -061.00591216
120 TL
111  14.59309835 -061.00693927 1
112  14.59320087 -061.00686092  14.59324956 -061.00686441
111  14.59320087 -061.00686092 1
111  14.59339659 -061.00690036
112  14.59339659 -061.00690036  14.59342851 -061.00690655 1
112  14.59343201 -061.00700928  14.59341916 -061.00708266 1
112  14.59335791 -061.00708563  14.59333198 -061.00707945
111  14.59335791 -061.00708563 1
115  14.59300436 -061.00701919
120 TL
111  14.59256902 -061.00693318 1
112  14.59276317 -061.00682709  14.59278525 -061.00671948
111  14.59276317 -061.00682709
112  14.59276317 -061.00682709  14.59278228 -061.00678532 1
112  14.59285203 -061.00679425  14.59287749 -061.00680081
111  14.59285203 -061.00679425 1
112  14.59304157 -061.00682883  14.59308046 -061.00683501 1
112  14.59309835 -061.00693927  14.59308756 -061.00700241 1
114  14.59300436 -061.00701919  14.59296446 -061.00701301 1
120 TL
111  14.59311173 -061.00482109 1
111  14.59315716 -061.00460993 1
115  14.59318289 -061.00449037
120 TL
111  14.59276317 -061.00682709 1
111  14.59311173 -061.00482109
112  14.59311173 -061.00482109  14.59312145 -061.00476499 1
112  14.59320260 -061.00475895  14.59322892 -061.00476325
111  14.59320260 -061.00475895 1
111  14.59339076 -061.00479498 1
115  14.59354613 -061.00482472
120 TL
112  14.59329947 -061.00577841  14.59330464 -061.00574992 1
112  14.59341640 -061.00567311  14.59350027 -061.00568425
111  14.59341640 -061.00567311 1
111  14.59354937 -061.00570063
112  14.59354937 -061.00570063  14.59362007 -061.00572168 1
111  14.59363170 -061.00583487 1
115  14.59343201 -061.00700928
120 TL
112  14.59339306 -061.00479252  14.59341315 -061.00479681 1
112  14.59348956 -061.00468138  14.59351022 -061.00461120
111  14.59348956 -061.00468138 1
115  14.59351404 -061.00456190
120 TL
112  14.59354613 -061.00482472  14.59356621 -061.00482901 1
112  14.59364761 -061.00471237  14.59367173 -061.00464148
111  14.59364761 -061.00471237 1
115  14.59366987 -061.00459482
120 TL
112  14.59320260 -061.00475895  14.59322684 -061.00476325 1
112  14.59332641 -061.00464602  14.59335053 -061.00457512
111  14.59332641 -061.00464602 1
115  14.59335178 -061.00452631
120 TL
112  14.59593314 -061.00295121  14.59599588 -061.00297872 51
112  14.59598112 -061.00323590  14.59590315 -061.00339295
111  14.59598112 -061.00323590 51
111  14.59596168 -061.00327678
111  14.59586038 -061.00350702 51
111  14.59575888 -061.00373492
111  14.59566703 -061.00394401 51
115  14.59553638 -061.00423850
120 TL
111  14.59641227 -061.00401627 51
111  14.59630966 -061.00386154 58
115  14.59622528 -061.00371292
120 TL
111  14.59632011 -061.00422688 51
111  14.59622061 -061.00406683 58
115  14.59613645 -061.00391844
120 TL
111  14.59620749 -061.00445595 51
111  14.59610671 -061.00429604 58
111  14.59602742 -061.00417098 58
111  14.59605694 -061.00410344 58
111  14.59613645 -061.00391844 58
111  14.59622528 -061.00371292 58
111  14.59638805 -061.00333643
112  14.59638805 -061.00333643  14.59643502 -061.00322776 58
116  14.59632627 -061.00314428  14.59629205 -061.00313053
120 TL
111  14.59710611 -061.00410030 51
111  14.59662982 -061.00388200
112  14.59662982 -061.00388200  14.59650141 -061.00380116 51
112  14.59652102 -061.00362297  14.59654824 -061.00355663
111  14.59652102 -061.00362297 51
111  14.59655983 -061.00348043
112  14.59655983 -061.00348043  14.59658120 -061.00341602 51
112  14.59650566 -061.00322914  14.59643475 -061.00317536
111  14.59650566 -061.00322914 51
111  14.59642019 -061.00319040 51
112  14.59656977 -061.00323834  14.59663388 -061.00324754 51
112  14.59685513 -061.00331374  14.59694438 -061.00335827
111  14.59685513 -061.00331374 51
111  14.59728216 -061.00352144
111  14.59732105 -061.00368379 51
115  14.59743804 -061.00373643
120 TL
112  14.59535814 -061.00147249  14.59527864 -061.00154669 58
116  14.59498148 -061.00146594  14.59489172 -061.00137054
120 TL
111  14.59541068 -061.00104262 58
111  14.59498148 -061.00146594 58
111  14.59468472 -061.00172007
112  14.59468472 -061.00172007  14.59456834 -061.00182905 58
116  14.59443403 -061.00182944  14.59440838 -061.00180559
120 TL
111  14.59424096 -061.00158082 58
112  14.59444932 -061.00134097  14.59443479 -061.00109837
111  14.59444932 -061.00134097 58
111  14.59510036 -061.00088231
111  14.59496075 -061.00077383 58
111  14.59410079 -061.00092330
112  14.59410079 -061.00092330  14.59397494 -061.00095581 58
115  14.59387603 -061.00086466
120 TL
111  14.59513734 -061.00117699 1
115  14.59498002 -061.00116699
120 TL
111  14.59386735 -061.00083629 58
112  14.59414573 -061.00064300  14.59419656 -061.00040791
111  14.59414573 -061.00064300 58
111  14.59482930 -061.00041402
111  14.59477214 -061.00013803 58
111  14.59390032 -061.00015664
112  14.59390032 -061.00015664  14.59376963 -061.00017164 58
111  14.59365872 -061.00007736
111  14.59329799 -061.00049824
112  14.59329799 -061.00049824  14.59345744 -061.00033099 58
116  14.59390032 -061.00015664  14.59407770 -061.00016106
120 TL
111  14.59505016 -060.99771162 51
115  14.59436893 -060.99756348
120 TL
111  14.59492931 -060.99835668 51
115  14.59424630 -060.99820484
120 TL
111  14.59446820 -060.99899354 51
115  14.59411607 -060.99895525
120 TL
111  14.59443249 -060.99942660 51
111  14.59445205 -060.99961731 51
115  14.59403291 -060.99965076
120 TL
111  14.59400474 -060.99760921 51
112  14.59436893 -060.99756348  14.59450676 -060.99735711
111  14.59436893 -060.99756348
112  14.59436893 -060.99756348  14.59430050 -060.99732470 51
115  14.59403999 -060.99741049
120 TL
111  14.59389136 -060.99824844 51
112  14.59424630 -060.99820484  14.59438413 -060.99799847
111  14.59424630 -060.99820484
112  14.59424630 -060.99820484  14.59417788 -060.99796606 51
115  14.59392720 -060.99804601
120 TL
111  14.59375425 -060.99902192 51
112  14.59411607 -060.99895525  14.59425390 -060.99874888
111  14.59411607 -060.99895525
112  14.59411607 -060.99895525  14.59404765 -060.99871648 51
115  14.59380398 -060.99874026
120 TL
111  14.59362910 -060.99983665 51
112  14.59403291 -060.99965076  14.59406158 -060.99942888
111  14.59403291 -060.99965076
112  14.59403291 -060.99965076  14.59394146 -060.99940678 51
115  14.59366840 -060.99951333
120 TL
111  14.59457713 -060.99971168 58
111  14.59396104 -060.99970898
112  14.59396104 -060.99970898  14.59367909 -060.99972996 58
111  14.59362467 -060.99988545
111  14.59366840 -060.99951333 58
116  14.59396104 -060.99970898  14.59418528 -060.99968993
120 TL
111  14.59642019 -061.00319040 51
111  14.59632627 -061.00314428 51
111  14.59620064 -061.00308258 51
111  14.59593314 -061.00295121 51
111  14.59576467 -061.00287392 51
112  14.59483420 -061.00224676  14.59442670 -061.00184299
111  14.59483420 -061.00224676 51
112  14.59446737 -061.00190629  14.59437495 -061.00178116
111  14.59446737 -061.00190629
112  14.59446737 -061.00190629  14.59437113 -061.00178379 51
111  14.59424096 -061.00158082 51
111  14.59416818 -061.00146400 51
112  14.59387603 -061.00086466  14.59371570 -061.00046757
111  14.59387603 -061.00086466 51
111  14.59386094 -061.00082525 51
111  14.59381559 -061.00069950 51
112  14.59365872 -061.00007736  14.59359418 -060.99975442
111  14.59365872 -061.00007736
112  14.59365872 -061.00007736  14.59364598 -061.00001361 51
115  14.59362467 -060.99988545
120 TL
112  14.59402420 -060.99749956  14.59404023 -060.99743515 58
112  14.59426517 -060.99735366  14.59441194 -060.99738965
111  14.59426517 -060.99735366
112  14.59426517 -060.99735366  14.59412854 -060.99731963 58
116  14.59408707 -060.99714545  14.59409954 -060.99708656
120 TL
112  14.59390912 -060.99814819  14.59391767 -060.99811285 58
112  14.59414804 -060.99803090  14.59429480 -060.99805540
111  14.59414804 -060.99803090
112  14.59414804 -060.99803090  14.59400505 -060.99800370 58
116  14.59397161 -060.99779566  14.59398230 -060.99775811
120 TL
112  14.59377752 -060.99888937  14.59378607 -060.99883195 58
112  14.59402973 -060.99873882  14.59417650 -060.99876332
111  14.59402973 -060.99873882
112  14.59402973 -060.99873882  14.59388248 -060.99871383 58
116  14.59384701 -060.99849802  14.59385556 -060.99844060
120 TL
111  14.59450003 -060.99707970 51
111  14.59456936 -060.99720416 51
111  14.59472106 -060.99710610
112  14.59472106 -060.99710610  14.59480854 -060.99702456 58
115  14.59468588 -060.99695211
120 TL
111  14.59439375 -060.99779140 51
111  14.59476508 -060.99770029 58
115  14.59465892 -060.99744053
120 TL
111  14.59427146 -060.99847246 51
111  14.59460826 -060.99839115 58
115  14.59451576 -060.99810376
120 TL
111  14.59431541 -060.99906915 51
111  14.59430665 -060.99899415
111  14.59429203 -060.99899485 51
111  14.59430017 -060.99907017
111  14.59428514 -060.99907105 51
111  14.59427772 -060.99899562
111  14.59422349 -060.99900057 51
111  14.59423164 -060.99907639
111  14.59413816 -060.99916222 51
111  14.59444900 -060.99913122 58
115  14.59439663 -060.99878696
120 TL
111  14.59469325 -060.99880587 51
111  14.59471950 -060.99863207
111  14.59470201 -060.99845050 51
111  14.59471512 -060.99836263
111  14.59481080 -060.99809642 51
111  14.59484134 -060.99792509
111  14.59482503 -060.99779223 51
111  14.59484297 -060.99768078
111  14.59491971 -060.99736163 51
111  14.59495532 -060.99714453
111  14.59496760 -060.99688288 51
115  14.59485754 -060.99669846
120 TL
112  14.59102194 -061.01321480  14.59102835 -061.01317373
111  14.59102194 -061.01321480 51
111  14.59096223 -061.01350834
111  14.59105723 -061.01407496 21
111  14.59085589 -061.01410628
111  14.59075467 -061.01363799
112  14.59075467 -061.01363799  14.59074643 -061.01360817 51
112  14.59054461 -061.01350258  14.59037057 -061.01346855
111  14.59054461 -061.01350258
112  14.59054461 -061.01350258  14.59071610 -061.01353517 57
112  14.59090709 -061.01341393  14.59098194 -061.01334411
111  14.59090709 -061.01341393
114  14.59090709 -061.01341393  14.59098194 -061.01334411 51
120 TL
112  14.58545224 -061.02106200  14.58544812 -061.02109310 51
112  14.58534201 -061.02113469  14.58526937 -061.02112212 51
112  14.58526740 -061.02102025  14.58527049 -061.02098702 51
114  14.58537638 -061.02094545  14.58544640 -061.02095928 51
120 TL
112  14.58578394 -061.02116483  14.58577768 -061.02119593 51
112  14.58567372 -061.02123752  14.58560107 -061.02122495 51
112  14.58559910 -061.02112750  14.58560433 -061.02109427 51
114  14.58570808 -061.02104826  14.58577811 -061.02106210 51
120 TL
111  14.58615868 -061.02076511 20
111  14.58614747 -061.02082511 20
111  14.58609954 -061.02086092 20
111  14.58603547 -061.02085035 20
111  14.58600641 -061.02079112 20
111  14.58601905 -061.02072780 20
111  14.58607092 -061.02069685 20
113  14.58612620 -061.02070968 20
120 TB
112  14.59498422 -060.99808164  14.59500676 -060.99795763 20
111  14.59488617 -060.99787888
111  14.59490030 -060.99779605 20
115  14.59502924 -060.99782898
120 TB
111  14.58501750 -061.02125378 20
111  14.58522244 -061.02129266
111  14.58508795 -061.02113891 20
111  14.58523703 -061.02116779
111  14.58515334 -061.02082456 20
111  14.58529012 -061.02085191
111  14.58525107 -061.02047138 20
111  14.58499555 -061.02198786 20
111  14.58505951 -061.02160019 51
111  14.58567841 -061.02171743
111  14.58535070 -061.02049148 3
111  14.58529012 -061.02085191 3
111  14.58523703 -061.02116779 3
111  14.58521481 -061.02129999 3
111  14.58509660 -061.02200335 21
111  14.58595126 -061.02215824 3
111  14.58614678 -061.02095147 5
115  14.58592241 -061.02078035
120 TB
111  14.59471717 -060.99885807 3
111  14.59478324 -060.99848226 3
111  14.59484674 -060.99811004 3
111  14.59488617 -060.99787888 3
111  14.59490030 -060.99779605 3
111  14.59496968 -060.99738934 3
115  14.59507389 -060.99677843
120 TB
111  14.59439165 -060.99965491 20
112  14.59465777 -061.00080081  14.59482888 -061.00117212 20
111  14.59529731 -061.00163841
111  14.59547174 -061.00144442 20
111  14.59554448 -061.00150713 20
111  14.59566224 -061.00133773 20
112  14.59529809 -061.00087708  14.59519210 -061.00068827
111  14.59529809 -061.00087708
112  14.59529809 -061.00087708  14.59506866 -061.00046836 20
112  14.59482853 -060.99899806  14.59491011 -060.99825305
111  14.59482853 -060.99899806 20
111  14.59486788 -060.99873453 20
111  14.59490842 -060.99850703 20
111  14.59496410 -060.99819457 20
111  14.59498422 -060.99808164 20
111  14.59502924 -060.99782898 20
111  14.59505016 -060.99771162 20
111  14.59508186 -060.99753368 20
111  14.59519474 -060.99688788 20
112  14.59512387 -060.99674141  14.59503174 -060.99672310
111  14.59512387 -060.99674141 20
111  14.59485754 -060.99669846 20
115  14.59447115 -060.99662593
120 TB
112  14.59251298 -061.00460785  14.59251145 -061.00461694 20
112  14.59249825 -061.00461714  14.59249399 -061.00461630 20
112  14.59248902 -061.00460275  14.59249056 -061.00459500 20
114  14.59250295 -061.00459333  14.59250720 -061.00459435 20
120 TB
112  14.59256682 -061.00461953  14.59255841 -061.00466945 20
112  14.59248594 -061.00467055  14.59246257 -061.00466592 20
112  14.59243528 -061.00459151  14.59244370 -061.00454894 20
114  14.59251174 -061.00453978  14.59253507 -061.00454538 20
120 TB
112  14.59372002 -061.00466762  14.59371108 -061.00471568 20
112  14.59364761 -061.00471237  14.59362803 -061.00470866 20
112  14.59360707 -061.00464093  14.59361505 -061.00460216 20
114  14.59366987 -061.00459482  14.59369111 -061.00459772 20
120 TB
112  14.59355953 -061.00463449  14.59355059 -061.00468040 20
112  14.59348956 -061.00468138  14.59346998 -061.00467767 20
112  14.59344418 -061.00460779  14.59345216 -061.00456902 20
114  14.59351354 -061.00456169  14.59353478 -061.00456457 20
120 TB
112  14.59340193 -061.00459911  14.59339298 -061.00464718 20
112  14.59332641 -061.00464602  14.59330335 -061.00463943 20
112  14.59328241 -061.00457243  14.59329038 -061.00453366 20
114  14.59335178 -061.00452631  14.59337716 -061.00452992 20
120 TB
112  14.59323305 -061.00456460  14.59322549 -061.00460981 20
112  14.59315716 -061.00460993  14.59313618 -061.00460479 20
112  14.59311353 -061.00453649  14.59312151 -061.00449772 20
114  14.59318289 -061.00449037  14.59320413 -061.00449327 20
120 TB
111  14.59300474 -061.00684718
112  14.59300474 -061.00684718  14.59299603 -061.00689221 20
112  14.59294642 -061.00688805  14.59292727 -061.00688434
111  14.59294642 -061.00688805 20
111  14.59288973 -061.00687762
112  14.59288973 -061.00687762  14.59286699 -061.00687267 20
112  14.59284772 -061.00681911  14.59285644 -061.00677184
111  14.59284772 -061.00681911 20
111  14.59285203 -061.00679425 20
111  14.59317520 -061.00493146
112  14.59317520 -061.00493146  14.59319009 -061.00483401 20
114  14.59333203 -061.00497127  14.59330969 -061.00509180 20
120 TB
111  14.59334693 -061.00690931
112  14.59334693 -061.00690931  14.59333297 -061.00699381 20
112  14.59321353 -061.00688511  14.59322749 -061.00679751
111  14.59321353 -061.00688511 20
111  14.59337940 -061.00586706
112  14.59337940 -061.00586706  14.59339935 -061.00577225 20
112  14.59351707 -061.00589524  14.59349911 -061.00599830
111  14.59351707 -061.00589524 20
111  14.59348445 -061.00608706 20
111  14.59344955 -061.00629232 20
111  14.59341363 -061.00650358 20
113  14.59338147 -061.00669918 20
120 TB
111  14.59357288 -061.00542166
112  14.59357288 -061.00542166  14.59355792 -061.00549689 20
112  14.59347048 -061.00540284  14.59348344 -061.00533379
111  14.59347048 -061.00540284 20
111  14.59354696 -061.00496407
112  14.59354696 -061.00496407  14.59355793 -061.00490532 20
112  14.59365008 -061.00499018  14.59363612 -061.00506953
111  14.59365008 -061.00499018 20
111  14.59364334 -061.00502784 20
111  14.59361105 -061.00520830 20
113  14.59358082 -061.00537726 20
120 TB
111  14.59344191 -061.00732961 20
115  14.59256105 -061.00716132
120 TB
111  14.59537063 -061.00295718 20
111  14.59562391 -061.00251272
112  14.59562391 -061.00251272  14.59547501 -061.00241930 20
112  14.59419328 -061.00094579  14.59393308 -061.00013510 20
111  14.59403029 -060.99936778 20
115  14.59454183 -060.99659949
120 TB
111  14.59617150 -061.00454072 20
111  14.59553638 -061.00423850 20
111  14.59503742 -061.00400107
111  14.59497851 -061.00413560 20
115  14.59611210 -061.00467226
120 TB
111  14.59515613 -061.00060233 20
111  14.59498960 -061.00068933 20
111  14.59484828 -061.00067668 20
111  14.59480254 -061.00057832 20
111  14.59486204 -061.00049535
111  14.59481578 -061.00035703 20
111  14.59478748 -061.00027252 20
111  14.59480959 -061.00020804 20
111  14.59497573 -061.00015525
111  14.59492849 -061.00000323 20
111  14.59465850 -060.99996581 20
111  14.59464540 -060.99984549 20
111  14.59472413 -060.99982105 20
111  14.59471192 -060.99975422
112  14.59471192 -060.99975422  14.59470051 -060.99970903 20
112  14.59474668 -060.99968315  14.59477329 -060.99967725
111  14.59474668 -060.99968315 20
115  14.59482451 -060.99967210
120 Walkway
111  14.59496467 -060.99890360 21
115  14.59471717 -060.99885807
120 Walkway
111  14.59510328 -060.99816039 21
115  14.59484674 -060.99811004
120 Walkway
111  14.59522544 -060.99744169 21
115  14.59496968 -060.99738934
120 Walkway
111  14.59527621 -060.99714301 21
115  14.59510980 -060.99690836
120 Walkway
111  14.59331603 -061.00689569 21
111  14.59349192 -061.00693168 21
111  14.59352476 -061.00673446 21
111  14.59334611 -061.00670185
111  14.59334929 -061.00668247 21
111  14.59352831 -061.00671471 21
111  14.59355732 -061.00654246 21
111  14.59337870 -061.00651013
111  14.59338176 -061.00648956 21
111  14.59356035 -061.00652219 21
111  14.59359485 -061.00632715 21
111  14.59342012 -061.00629511
111  14.59342317 -061.00627543 21
111  14.59359900 -061.00630714 21
111  14.59363050 -061.00612262 21
115  14.59345179 -061.00609011
120 Walkway
111  14.59532918 -060.99683142 21
111  14.59527621 -060.99714301 21
111  14.59522544 -060.99744169 21
111  14.59510328 -060.99816039 21
111  14.59504033 -060.99853072 21
111  14.59490842 -060.99850703 20
111  14.59478324 -060.99848226 20
116  14.59486788 -060.99873453  14.59484829 -060.99884495
120 Park T
111  14.59330310 -061.00502429 1
111  14.59324257 -061.00501215
111  14.59327780 -061.00499635 1
115  14.59326917 -061.00504324
120 Park T
111  14.59328330 -061.00514810 1
111  14.59322276 -061.00513596
111  14.59325799 -061.00512016 1
115  14.59324937 -061.00516706
120 Park T
111  14.59326476 -061.00526945 1
111  14.59320422 -061.00525731
111  14.59323945 -061.00524151 1
115  14.59323083 -061.00528840
120 Park T
111  14.59324495 -061.00539326 1
111  14.59318442 -061.00538112
111  14.59321965 -061.00536532 1
115  14.59321102 -061.00541222
120 Park T
111  14.59322416 -061.00551299 1
111  14.59316362 -061.00550085
111  14.59319885 -061.00548505 1
115  14.59319023 -061.00553194
120 Park T
111  14.59319652 -061.00563223 1
111  14.59313599 -061.00562009
111  14.59317122 -061.00560429 1
115  14.59316259 -061.00565118
120 Park T
111  14.59317672 -061.00575605 1
111  14.59311618 -061.00574391
111  14.59315141 -061.00572811 1
115  14.59314279 -061.00577500
120 Park T
111  14.59315592 -061.00587577 1
111  14.59309539 -061.00586364
111  14.59313062 -061.00584783 1
115  14.59312199 -061.00589473
120 Park T
111  14.59313182 -061.00599007 1
111  14.59307128 -061.00597793
111  14.59310651 -061.00596213 1
115  14.59309789 -061.00600902
120 Park T
111  14.59311201 -061.00611388 1
111  14.59305148 -061.00610174
111  14.59308671 -061.00608594 1
115  14.59307808 -061.00613284
120 Park T
111  14.59309122 -061.00623361 1
111  14.59303068 -061.00622147
111  14.59306591 -061.00620567 1
115  14.59305729 -061.00625256
120 Park T
111  14.59307430 -061.00634790 1
111  14.59301377 -061.00633576
111  14.59304900 -061.00631996 1
115  14.59304037 -061.00636685
120 Park T
111  14.59305450 -061.00647172 1
111  14.59299396 -061.00645958
111  14.59302919 -061.00644378 1
115  14.59302057 -061.00649067
120 Park T
111  14.59303370 -061.00659144 1
111  14.59297317 -061.00657930
111  14.59300840 -061.00656350 1
115  14.59299977 -061.00661039
120 Park T
111  14.59322162 -061.00506638 1
111  14.59316109 -061.00505424
111  14.59319632 -061.00503844 1
115  14.59318769 -061.00508534
120 Park T
111  14.59320182 -061.00519020 1
111  14.59314128 -061.00517806
111  14.59317651 -061.00516226 1
115  14.59316789 -061.00520915
120 Park T
111  14.59318328 -061.00531154 1
111  14.59312274 -061.00529940
111  14.59315797 -061.00528360 1
115  14.59314935 -061.00533050
120 Park T
111  14.59316347 -061.00543536 1
111  14.59310294 -061.00542322
111  14.59313817 -061.00540742 1
115  14.59312954 -061.00545431
120 Park T
111  14.59314268 -061.00555509 1
111  14.59308214 -061.00554295
111  14.59311737 -061.00552715 1
115  14.59310875 -061.00557404
120 Park T
111  14.59311504 -061.00567433 1
111  14.59305451 -061.00566219
111  14.59308974 -061.00564639 1
115  14.59308111 -061.00569328
120 Park T
111  14.59309524 -061.00579815 1
111  14.59303470 -061.00578601
111  14.59306993 -061.00577021 1
115  14.59306131 -061.00581710
120 Park T
111  14.59307444 -061.00591787 1
111  14.59301391 -061.00590573
111  14.59304914 -061.00588993 1
115  14.59304051 -061.00593682
120 Park T
111  14.59305034 -061.00603216 1
111  14.59298980 -061.00602002
111  14.59302503 -061.00600422 1
115  14.59301641 -061.00605112
120 Park T
111  14.59303053 -061.00615598 1
111  14.59297000 -061.00614384
111  14.59300523 -061.00612804 1
115  14.59299660 -061.00617493
120 Park T
111  14.59300974 -061.00627571 1
111  14.59294920 -061.00626357
111  14.59298443 -061.00624777 1
115  14.59297581 -061.00629466
120 Park T
111  14.59299282 -061.00639000 1
111  14.59293229 -061.00637786
111  14.59296752 -061.00636206 1
115  14.59295889 -061.00640895
120 Park T
111  14.59297302 -061.00651382 1
111  14.59291248 -061.00650168
111  14.59294771 -061.00648588 1
115  14.59293909 -061.00653277
120 Park T
111  14.59295222 -061.00663354 1
111  14.59289169 -061.00662140
111  14.59292692 -061.00660560 1
115  14.59291829 -061.00665249
120 Road
111  14.59486492 -060.99908081 22
115  14.59526848 -060.99681036
120 Road
111  14.59618585 -061.00462813 22
111  14.59640813 -061.00473753
112  14.59640813 -061.00473753  14.59654918 -061.00480643 22
112  14.59685115 -061.00451957  14.59695296 -061.00427545
111  14.59685115 -061.00451957 22
111  14.59735507 -061.00336617
112  14.59735507 -061.00336617  14.59749356 -061.00306937 22
112  14.59692160 -061.00203629  14.59649333 -061.00178719
111  14.59692160 -061.00203629 22
115  14.59567341 -061.00135685
120 Road
111  14.59384591 -061.00462820 20
111  14.59367139 -061.00558084
111  14.59377351 -061.00551195 22
111  14.59404583 -061.00406647
112  14.59404583 -061.00406647  14.59411814 -061.00370157 22
112  14.59449811 -061.00381508  14.59465506 -061.00389140
111  14.59449811 -061.00381508 22
115  14.59618585 -061.00462813
21  14.58953179 -061.01526512 2 79.9300 3.00 09 PAPI-4L
21  14.59219781 -060.99368091 2 259.9400 4.30 27 PAPI-4L
20  14.59364990 -060.99646041 169.5500 0 2 {@L}A{@R}9-27{@@,@L}A
20  14.59300336 -061.00004283 170.0000 0 2 {@L}B{@R}9-27{@@,@L}B{@Y}T{^r}
20  14.59259066 -061.00681997 170.0000 0 2 {@L}C{@Y,^l}L{safety}L{^r,@@,@L}C
20  14.59035922 -061.00587631 259.2100 0 2 {@L}27{@Y}L{^r,@@,@L}9
20  14.59069486 -061.00711297 78.5400 0 2 {@L}9{@Y,^l}L{@@,@L}27
20  14.59142926 -061.00662125 171.9900 0 2 {@L}C{@R}9-27{@@,@L}C
20  14.59161474 -061.00686539 350.0000 0 2 {@L}C{@Y,^l}L{safety}L{^r,@@,@L}C
20  14.59062950 -061.01332730 196.2200 0 2 {@L}L{@R,^ld}27{@@,@L}L
20  14.59213192 -061.00764070 80.0000 0 2 {@L}L{@Y,^l}C{safety}C{^r,@@,@L}L
20  14.59207604 -061.00627884 260.0000 0 2 {@L}L{@Y,^l}C{safety}C{^r,@@,@L}L
20  14.58839886 -061.01710205 259.7400 0 2 {@L}27{@Y,^l}M{@@,@L}9
20  14.58715614 -061.01799737 350.0000 0 2 {@L}M{@R}9-27{@@,@L}M
20  14.59241739 -060.99711991 80.0000 0 2 {@L}9{@Y,^l}A{@@,@L}27
20  14.59178643 -061.00069232 80.0000 0 2 {@L}9{@Y,^l}B{@@,@L}27
20  14.58952872 -061.01404087 80.0000 0 2 {@L}9{@Y,^l}D{@@,@L}27
20  14.59293518 -061.00042970 350.0000 0 2 {@Y,^l}L{@L}B
20  14.59325518 -061.00128047 80.0000 0 2 {@Y,^u}T{hazard,@L}L{safety,@Y}B{^r,@@,@L}L
20  14.59218003 -060.99539237 260.0000 0 2 {@L}27{@Y}A{^r,@@,@L}9
20  14.59157435 -060.99891247 260.0000 0 2 {@L}27{@Y}B{^r,@@,@L}9
20  14.58920857 -061.01239728 260.0000 0 2 {@L}27{@Y}D{^r,@@,@L}9
14  14.59424281 -061.00415067  75.46 0 Tower Viewpoint
15  14.59067376 -061.01351138 -173.30 Hold Short Rwy 9
15  14.59364336 -060.99661940 170.00 Hold Short Rwy 27
15  14.59588549 -061.00384745 -205.62 GA Ramp 
15  14.58524563 -061.02171626  80.00 Military Ramp
15  14.59306350 -061.00579082 169.62 Ramp G31
15  14.59093001 -061.01387432 153.32 Z Holding Area Z1
15  14.59529669 -061.00131685  48.00 Terminal Spot 1
15  14.59480167 -061.00042215  20.00 Terminal Spot 3
15  14.59459598 -060.99901386  -8.06 Terminal Spot 5
15  14.59487279 -060.99748227 347.69 Terminal Spot 8
15  14.59434190 -060.99914782 193.48 Terminal Spot 9
15  14.59432067 -060.99846954 105.68 Terminal Spot 10
15  14.59438391 -060.99843538 284.40 Terminal Spot 11
15  14.59465856 -060.99773341 108.72 Terminal Spot 12
15  14.59451622 -060.99776956 104.81 Terminal Spot 13
15  14.59458796 -060.99773538 -74.04 Terminal Spot 14
15  14.59453417 -060.99718761  31.00 Terminal Spot 15
18  14.59456470 -061.00408740 1 BCN
19  14.59378133 -060.99514563 1 WS
19  14.59030946 -061.01386891 1 WS
1050 127850 ATIS
1053 121900 GND
1054 118500 FORT DE FRANCE TWR
1055 121000 FORT DE FRANCE APP
1055 129050 FORT DE FRANCE APP
99
