I
1130 Generated by WorldEditor 2.0.0r4

1      5 1 0 TFFG St Martin Grand Case
1302 city Grand Case
1302 country Saint Martin
1302 datum_lat 18.100555556
1302 datum_lon -63.048888889
1302 faa_code 
1302 iata_code SFG
1302 icao_code TFFG
1302 region_code TF
1302 state Guadeloupe
1302 transition_alt 5000
1302 transition_level 
100 30.00 1 0 0.25 0 1 0 12  18.10157926 -063.05255686   60    0 3 0 0 0 30  18.09840027 -063.04166410  160    0 3 0 0 0
102 H1  18.10153813 -063.04872688 107.07 10.00 10.00 15 0 0 0.00 0
102 H2  18.10176167 -063.04866051 107.07 10.00 10.00 15 0 0 0.00 0
110 1 0.25 107.1800 A
111  18.10115005 -063.04851612
111  18.10124636 -063.04874566 102
111  18.10094299 -063.04885333
112  18.10094299 -063.04885333  18.10084601 -063.04888886 102
112  18.10072408 -063.04913160  18.10075343 -063.04929903
111  18.10072408 -063.04913160
112  18.10072408 -063.04913160  18.10072426 -063.04913213
112  18.10070981 -063.04912890  18.10071069 -063.04912901
111  18.10070981 -063.04912890
112  18.10070981 -063.04912890  18.10070919 -063.04912900
111  18.10056641 -063.04863026
112  18.10056641 -063.04863026  18.10056667 -063.04863026
111  18.10057597 -063.04863300 102
112  18.10077108 -063.04875167  18.10088498 -063.04873836
111  18.10077108 -063.04875167
112  18.10077108 -063.04875167  18.10077109 -063.04875167 102
112  18.10102730 -063.04868043  18.10112029 -063.04864924
111  18.10102730 -063.04868043
114  18.10102730 -063.04868043  18.10116105 -063.04859414 102
110 1 0.00 0.0000 B
111  18.10019470 -063.04733774
111  18.10020352 -063.04733454 102
112  18.10044779 -063.04747096  18.10060488 -063.04742701
111  18.10044779 -063.04747096 102
111  18.10084527 -063.04734667
111  18.10092862 -063.04766033 102
112  18.10067298 -063.04754679  18.10053495 -063.04758882
111  18.10067298 -063.04754679 102
112  18.10047658 -063.04761037  18.10037578 -063.04763998
111  18.10047658 -063.04761037
112  18.10047658 -063.04761037  18.10038073 -063.04766254 102
112  18.10035692 -063.04786765  18.10035684 -063.04798685
111  18.10035692 -063.04786765
112  18.10035320 -063.04787040  18.10035272 -063.04787043
111  18.10035320 -063.04787040
113  18.10034615 -063.04787562
110 1 0.00 107.0000 Main park
111  18.10115005 -063.04851612 106
111  18.10092862 -063.04766033
111  18.10084527 -063.04734667 102
111  18.10094261 -063.04731903 106
111  18.10076503 -063.04666593 106
111  18.10070520 -063.04668728 106
111  18.10064873 -063.04649807 106
111  18.10130658 -063.04632852 106
111  18.10197462 -063.04619938
111  18.10216427 -063.04687627
111  18.10175566 -063.04699482
111  18.10183439 -063.04728009
111  18.10191962 -063.04725690
111  18.10201462 -063.04764691
111  18.10226871 -063.04840786
111  18.10231328 -063.04868358
111  18.10237904 -063.04906141
111  18.10202422 -063.04913470
111  18.10200575 -063.04905620
111  18.10182831 -063.04909493 106
111  18.10172806 -063.04875064 106
111  18.10149195 -063.04881815 106
111  18.10144220 -063.04867630 106
113  18.10124636 -063.04874566
110 4 0.00 0.0000 Dirt part
111  18.10115005 -063.04851612
112  18.10102730 -063.04868043  18.10089355 -063.04876672
111  18.10102730 -063.04868043
112  18.10102730 -063.04868043  18.10093431 -063.04871162
112  18.10077108 -063.04875167  18.10077107 -063.04875167
111  18.10077108 -063.04875167
112  18.10077108 -063.04875167  18.10065718 -063.04876497
111  18.10057597 -063.04863300
111  18.10057526 -063.04863278
111  18.10035297 -063.04787060
111  18.10035692 -063.04786765
112  18.10035692 -063.04786765  18.10035700 -063.04774845
112  18.10047658 -063.04761037  18.10057243 -063.04755820
111  18.10047658 -063.04761037
112  18.10047658 -063.04761037  18.10057738 -063.04758075
111  18.10067298 -063.04754679
112  18.10067298 -063.04754679  18.10081100 -063.04750475
113  18.10092862 -063.04766033
111  18.10078561 -063.04766083
112  18.10070337 -063.04763068  18.10065428 -063.04764587
111  18.10065264 -063.04769973
111  18.10090155 -063.04852549
112  18.10098691 -063.04858824  18.10103889 -063.04857001
113  18.10103453 -063.04848660
130 Airport Boundary 1
111  18.10238041 -063.04906689
111  18.10202058 -063.04915491
111  18.10120732 -063.04894543
111  18.10120732 -063.04894543
111  18.10220548 -063.05221714
111  18.10247502 -063.05220732
111  18.10247629 -063.05243438
111  18.10184650 -063.05299857
111  18.10106325 -063.05299140
111  18.09764990 -063.04136819
111  18.09840209 -063.04112429
111  18.09918519 -063.04191562
111  18.10045260 -063.04635343
111  18.10197932 -063.04612553
111  18.10216804 -063.04687546
111  18.10254800 -063.04831385
113  18.10227753 -063.04841821
120 Linear Feature 18
112  18.10199758 -063.04668056  18.10205806 -063.04666254 1
111  18.10203428 -063.04657551 1
111  18.10196197 -063.04631847 1
116  18.10189150 -063.04626813  18.10183863 -063.04628137
120 Linear Feature 32
112  18.10159600 -063.04875744  18.10157949 -063.04879094 3
112  18.10150846 -063.04878665  18.10147662 -063.04876928 3
112  18.10148070 -063.04869454  18.10149721 -063.04866104 3
114  18.10156824 -063.04866534  18.10160008 -063.04868271 3
120 Linear Feature 32
112  18.10181977 -063.04869269  18.10180326 -063.04872619 3
112  18.10173223 -063.04872189  18.10170039 -063.04870452 3
112  18.10170447 -063.04862979  18.10172098 -063.04859629 3
114  18.10179202 -063.04860058  18.10182386 -063.04861795 3
120 Linear Feature 10
112  18.10149029 -063.04791529  18.10154299 -063.04789882 1
116  18.10153787 -063.04781056  18.10152927 -063.04778250
120 Linear Feature 9
111  18.10120854 -063.04868032 1
116  18.10129496 -063.04866226  18.10131053 -063.04867904
120 Linear Feature 8
112  18.10136582 -063.04866119  18.10131052 -063.04868040 1
116  18.10126540 -063.04859600  18.10123550 -063.04850163
120 Linear Feature 7
112  18.10120854 -063.04868032  18.10127155 -063.04865166 1
116  18.10126544 -063.04859606  18.10126216 -063.04858490
120 Linear Feature 6
112  18.10078482 -063.04744327  18.10088621 -063.04741135 1
115  18.10097111 -063.04758788
120 Linear Feature 5
112  18.10168973 -063.04855657  18.10172346 -063.04854579 1
116  18.10174054 -063.04850472  18.10173167 -063.04847494
120 Linear Feature 4
111  18.10113578 -063.04764051 1
116  18.10097111 -063.04758788  18.10094208 -063.04749133
120 Linear Feature 4
111  18.10123817 -063.04799671 1
116  18.10107496 -063.04794358  18.10105508 -063.04787678
120 Linear Feature 4
111  18.10135557 -063.04840026 1
116  18.10119278 -063.04834715  18.10117290 -063.04828034
120 Linear Feature 3
112  18.10104381 -063.04783687  18.10100015 -063.04768444 1
115  18.10113578 -063.04764051
120 Linear Feature 3
112  18.10114765 -063.04819256  18.10110999 -063.04805985 1
115  18.10123817 -063.04799671
120 Linear Feature 3
112  18.10126544 -063.04859606  18.10123917 -063.04850763 1
115  18.10135557 -063.04840026
120 Linear Feature 2
111  18.10078482 -063.04744327 1
115  18.10092243 -063.04740259
120 Linear Feature 2
111  18.10113579 -063.04764051 1
111  18.10120623 -063.04761776 1
115  18.10137793 -063.04756230
120 Linear Feature 2
111  18.10123817 -063.04799671 1
111  18.10131789 -063.04797096 1
115  18.10149028 -063.04791529
120 Linear Feature 2
111  18.10136582 -063.04866119 1
115  18.10168973 -063.04855657
120 Linear Feature 2
111  18.10132660 -063.04829787 1
115  18.10142910 -063.04826476
120 Linear Feature 2
111  18.10135558 -063.04840026 1
115  18.10159844 -063.04831696
120 Linear Feature 1
111  18.10100962 -063.04678825 1
115  18.10097119 -063.04664517
120 Linear Feature 1
111  18.10076044 -063.04660591 1
115  18.10072901 -063.04648886
120 Linear Feature 1
111  18.10094670 -063.04654272 1
115  18.10091814 -063.04643637
120 Linear Feature 1
111  18.10108924 -063.04650085 1
115  18.10106219 -063.04640013
120 Linear Feature 1
111  18.10123392 -063.04646183 1
115  18.10120862 -063.04636763
120 Linear Feature 1
111  18.10114604 -063.04674956 1
115  18.10110762 -063.04660651
120 Linear Feature 1
111  18.10129146 -063.04672022 1
115  18.10125090 -063.04656919
120 Linear Feature 1
111  18.10116329 -063.04709139 8
115  18.10111123 -063.04689753
120 Linear Feature 1
111  18.10097852 -063.04711785 1
111  18.10093225 -063.04694557 1
115  18.10086519 -063.04669588
120 Linear Feature 1
111  18.10123916 -063.04749616 8
115  18.10118182 -063.04729970
120 Linear Feature 1
111  18.10134583 -063.04786857 8
115  18.10128849 -063.04767211
120 Linear Feature 1
111  18.10174054 -063.04850464 1
111  18.10153787 -063.04781056 1
111  18.10148053 -063.04761410 1
111  18.10143637 -063.04744966 1
111  18.10137223 -063.04721088 1
111  18.10132527 -063.04703600 1
115  18.10130713 -063.04696845
120 Linear Feature 1
111  18.10126544 -063.04859606 1
111  18.10122252 -063.04844904 1
111  18.10119278 -063.04834715 1
111  18.10116283 -063.04824458 1
111  18.10114765 -063.04819256 1
111  18.10107496 -063.04794358 1
111  18.10104381 -063.04783687 1
115  18.10097111 -063.04758788
120 Linear Feature 37
112  18.10120623 -063.04761776  18.10126792 -063.04759774 8
115  18.10123977 -063.04749794
120 Linear Feature 36
112  18.10118160 -063.04729977  18.10115061 -063.04719030 8
115  18.10109292 -063.04720883
120 Linear Feature 36
112  18.10128849 -063.04767211  18.10127082 -063.04760563 8
115  18.10120623 -063.04761776
120 Linear Feature 35
112  18.10131789 -063.04797096  18.10137378 -063.04795149 8
115  18.10134583 -063.04786857
120 Linear Feature 34
112  18.10079515 -063.04665111  18.10077540 -063.04665690 1
115  18.10076044 -063.04660591
120 Linear Feature 32
112  18.10086519 -063.04669588  18.10085924 -063.04667482 1
116  18.10082183 -063.04664360  18.10079171 -063.04665273
120 Linear Feature 31
112  18.10086519 -063.04669588  18.10084972 -063.04663594 1
115  18.10088419 -063.04662605
120 Linear Feature 30
111  18.10096882 -063.04686684 1
116  18.10093225 -063.04694557  18.10094893 -063.04700770
120 Linear Feature 29
111  18.10098455 -063.04727533 1
116  18.10097852 -063.04711785  18.10097077 -063.04708562
120 Linear Feature 28
112  18.10091396 -063.04661767  18.10095053 -063.04660724 1
116  18.10094670 -063.04654272  18.10093617 -063.04650384
120 Linear Feature 28
112  18.10105108 -063.04657924  18.10108765 -063.04656881 1
116  18.10108924 -063.04650085  18.10107871 -063.04646198
120 Linear Feature 28
112  18.10096949 -063.04686690  18.10100606 -063.04685646 1
116  18.10100962 -063.04678825  18.10099909 -063.04674937
120 Linear Feature 28
112  18.10110592 -063.04682845  18.10114249 -063.04681801 1
116  18.10114604 -063.04674956  18.10113550 -063.04671068
120 Linear Feature 28
112  18.10119394 -063.04654108  18.10123051 -063.04653065 1
116  18.10123392 -063.04646183  18.10122339 -063.04642296
120 Linear Feature 27
111  18.10097119 -063.04664517 1
116  18.10091396 -063.04661767  18.10087069 -063.04662961
120 Linear Feature 27
111  18.10110762 -063.04660651 1
116  18.10105108 -063.04657924  18.10100781 -063.04659119
120 Linear Feature 27
111  18.10125090 -063.04656919 1
116  18.10119406 -063.04654136  18.10115079 -063.04655330
120 Linear Feature 26
112  18.10122594 -063.04679417  18.10127835 -063.04677910 1
116  18.10129146 -063.04672022  18.10128100 -063.04667726
120 Linear Feature 25
112  18.10111123 -063.04689753  18.10109591 -063.04683931 8
115  18.10103658 -063.04684801
120 Linear Feature 24
112  18.10114025 -063.04719550  18.10117672 -063.04718377 8
116  18.10116329 -063.04709139  18.10115704 -063.04706604
120 Linear Feature 23
112  18.10127690 -063.04715694  18.10130957 -063.04714603 1
116  18.10132527 -063.04703600  18.10131033 -063.04695951
120 Linear Feature 22
111  18.10127690 -063.04715694 1
116  18.10137223 -063.04721088  18.10139333 -063.04729343
120 Linear Feature 21
111  18.10117957 -063.04739358 1
115  18.10102299 -063.04731764
120 Linear Feature 21
111  18.10128819 -063.04779217 1
115  18.10113161 -063.04771623
120 Linear Feature 21
111  18.10140700 -063.04819496 1
115  18.10125043 -063.04811902
120 Linear Feature 20
112  18.10142910 -063.04826476  18.10146603 -063.04825504 1
115  18.10149716 -063.04828643
120 Linear Feature 19
112  18.10142910 -063.04826476  18.10145069 -063.04825638 1
115  18.10147916 -063.04818470
120 Linear Feature 18
112  18.10116283 -063.04824458  18.10119152 -063.04833187 1
115  18.10132660 -063.04829787
120 Linear Feature 17
112  18.10122252 -063.04844904  18.10119694 -063.04836358 1
115  18.10132660 -063.04829787
120 Linear Feature 16
111  18.10162303 -063.04820242 1
112  18.10157069 -063.04830536  18.10150008 -063.04832878 1
111  18.10147565 -063.04824802 1
112  18.10147916 -063.04818470  18.10149506 -063.04815397
111  18.10147916 -063.04818470
112  18.10147916 -063.04818470  18.10148696 -063.04816961 1
112  18.10152519 -063.04814736  18.10154945 -063.04813912
111  18.10152519 -063.04814736
114  18.10152519 -063.04814736  18.10159887 -063.04812233 1
120 Linear Feature 14
112  18.10092243 -063.04740259  18.10103528 -063.04736970 1
116  18.10100879 -063.04723248  18.10106945 -063.04721463
120 Linear Feature 13
112  18.10137793 -063.04756230  18.10144412 -063.04754157 1
115  18.10143637 -063.04744966
120 Linear Feature 12
112  18.10130713 -063.04696845  18.10128528 -063.04688515 1
115  18.10136964 -063.04685925
120 Linear Feature 11
112  18.10137793 -063.04756230  18.10145331 -063.04753874 1
115  18.10148053 -063.04761410
120 Linear Feature 14
111  18.10156233 -063.04702141 1
115  18.10152528 -063.04687925
120 Linear Feature 14
111  18.10169142 -063.04698503 1
115  18.10165438 -063.04684287
120 Linear Feature 14
111  18.10182655 -063.04695293 1
115  18.10178950 -063.04681077
120 Linear Feature 14
111  18.10196058 -063.04690936 1
115  18.10192353 -063.04676721
120 Linear Feature 14
111  18.10209134 -063.04687841 1
115  18.10205429 -063.04673625
120 Linear Feature 13
111  18.10188320 -063.04662219 1
115  18.10193239 -063.04632946
120 Linear Feature 13
111  18.10173873 -063.04666339 1
115  18.10178792 -063.04636964
120 Linear Feature 13
111  18.10159901 -063.04670301 1
115  18.10164820 -063.04640845
120 Linear Feature 13
111  18.10146145 -063.04674075 1
115  18.10151064 -063.04644619
120 Linear Feature 12
112  18.10119406 -063.04654136  18.10114101 -063.04655539 1
112  18.10105108 -063.04657924  18.10101956 -063.04658765
111  18.10105108 -063.04657924
112  18.10105108 -063.04657924  18.10103953 -063.04658233 1
112  18.10102883 -063.04658524  18.10102608 -063.04658602
111  18.10102883 -063.04658524
112  18.10102883 -063.04658524  18.10099240 -063.04659555 1
112  18.10091396 -063.04661767  18.10087479 -063.04662871
111  18.10091396 -063.04661767
112  18.10091396 -063.04661767  18.10090670 -063.04661972 1
112  18.10088419 -063.04662605  18.10088152 -063.04662680
111  18.10088419 -063.04662605
112  18.10088419 -063.04662605  18.10086270 -063.04663211
112  18.10082183 -063.04664360  18.10080163 -063.04664928
111  18.10082183 -063.04664360
112  18.10082183 -063.04664360  18.10081008 -063.04664691 1
116  18.10079515 -063.04665111  18.10078555 -063.04665380
120 Linear Feature 12
112  18.10127690 -063.04715694  18.10123371 -063.04716916 1
112  18.10114025 -063.04719550  18.10109397 -063.04720854
111  18.10114025 -063.04719550
112  18.10114025 -063.04719550  18.10112430 -063.04720000 1
112  18.10109292 -063.04720883  18.10107739 -063.04721320
111  18.10109292 -063.04720883
112  18.10109292 -063.04720883  18.10106331 -063.04721716 1
116  18.10100879 -063.04723248  18.10096914 -063.04724362
120 Linear Feature 12
112  18.10122498 -063.04679478  18.10121435 -063.04679780 1
112  18.10110592 -063.04682845  18.10105460 -063.04684294
111  18.10110592 -063.04682845
112  18.10110592 -063.04682845  18.10107848 -063.04683620 1
112  18.10103658 -063.04684801  18.10102046 -063.04685255
111  18.10103658 -063.04684801
112  18.10103658 -063.04684801  18.10101380 -063.04685443 1
116  18.10096949 -063.04686690  18.10094773 -063.04687302
120 Linear Feature 12
112  18.10199758 -063.04668056  18.10197532 -063.04668727 1
112  18.10183029 -063.04672845  18.10175106 -063.04675087
111  18.10183029 -063.04672845
112  18.10183029 -063.04672845  18.10178710 -063.04674067 1
112  18.10169365 -063.04676701  18.10164737 -063.04678005
111  18.10169365 -063.04676701
112  18.10169365 -063.04676701  18.10164730 -063.04678007 1
112  18.10156218 -063.04680399  18.10152253 -063.04681513
111  18.10156218 -063.04680399
112  18.10156218 -063.04680399  18.10151463 -063.04681735 1
112  18.10142454 -063.04684226  18.10140213 -063.04684854
111  18.10142454 -063.04684226
112  18.10142454 -063.04684226  18.10141150 -063.04684592 1
115  18.10136964 -063.04685925
120 Linear Feature 12
112  18.10189150 -063.04626813  18.10188100 -063.04627100 1
112  18.10184287 -063.04628153  18.10182163 -063.04628740
111  18.10184287 -063.04628153
112  18.10184287 -063.04628153  18.10180595 -063.04629173 1
112  18.10170335 -063.04632016  18.10165083 -063.04633472
111  18.10170335 -063.04632016
112  18.10170335 -063.04632016  18.10165704 -063.04633300 1
112  18.10156608 -063.04635824  18.10152333 -063.04637011
111  18.10156608 -063.04635824
112  18.10156608 -063.04635824  18.10148992 -063.04637938 1
115  18.10143107 -063.04639572
120 Linear Feature 12
112  18.10189150 -063.04626813  18.10188100 -063.04627100 1
112  18.10184287 -063.04628153  18.10182163 -063.04628740
111  18.10184287 -063.04628153
112  18.10184287 -063.04628153  18.10180595 -063.04629173 1
112  18.10170335 -063.04632016  18.10165083 -063.04633472
111  18.10170335 -063.04632016
112  18.10170335 -063.04632016  18.10165704 -063.04633300 1
112  18.10156608 -063.04635824  18.10152333 -063.04637011
111  18.10156608 -063.04635824
112  18.10156608 -063.04635824  18.10148992 -063.04637938 1
115  18.10143107 -063.04639572
120 Linear Feature 23
112  18.10142454 -063.04684226  18.10144354 -063.04683736 1
116  18.10146148 -063.04673975  18.10146587 -063.04671152
120 Linear Feature 23
112  18.10156218 -063.04680399  18.10158118 -063.04679909 1
116  18.10159901 -063.04670301  18.10160340 -063.04667478
120 Linear Feature 23
112  18.10169365 -063.04676701  18.10171670 -063.04676041 1
116  18.10173873 -063.04666339  18.10174312 -063.04663516
120 Linear Feature 23
112  18.10183029 -063.04672845  18.10187058 -063.04671495 1
115  18.10188320 -063.04662219
120 Linear Feature 22
111  18.10199758 -063.04668056 1
116  18.10205429 -063.04673625  18.10206901 -063.04678929
120 Linear Feature 22
111  18.10183029 -063.04672845 1
116  18.10192353 -063.04676721  18.10193825 -063.04682024
120 Linear Feature 22
111  18.10169365 -063.04676701 1
116  18.10178950 -063.04681077  18.10180422 -063.04686380
120 Linear Feature 22
111  18.10156218 -063.04680399 1
116  18.10165438 -063.04684287  18.10166910 -063.04689590
120 Linear Feature 22
111  18.10142454 -063.04684226 1
116  18.10152528 -063.04687925  18.10154001 -063.04693229
120 Linear Feature 21
112  18.10136990 -063.04648535  18.10138292 -063.04641348 1
115  18.10143107 -063.04639572
120 Linear Feature 21
112  18.10151064 -063.04644619  18.10152448 -063.04636828 1
115  18.10156608 -063.04635824
120 Linear Feature 21
112  18.10164820 -063.04640845  18.10166204 -063.04633054 1
115  18.10170335 -063.04632016
120 Linear Feature 21
112  18.10178792 -063.04636964  18.10180176 -063.04629173 1
115  18.10184287 -063.04628153
120 Linear Feature 24
112  18.10060877 -063.04917936  18.10055319 -063.04897498 1
111  18.10082575 -063.04881770 1
115  18.10120854 -063.04868032
120 Linear Feature 25
112  18.10045107 -063.04864309  18.10050726 -063.04883123 1
115  18.10082575 -063.04881770
120 Linear Feature 30
112  18.10004306 -063.04724593  18.10015573 -063.04762903 1
115  18.10046142 -063.04753902
120 Linear Feature 29
112  18.10024287 -063.04794127  18.10016310 -063.04765700 1
111  18.10046142 -063.04753902 1
115  18.10078482 -063.04744327
120 Taxi hold short
111  18.10057388 -063.04743964 54
115  18.10060700 -063.04756367
120 Taxi hold short
111  18.10094198 -063.04871466 54
115  18.10097961 -063.04883415
21  18.10101292 -063.04931673 2 102.1200 3.00 PAPI-4L
20  18.10088691 -063.04861540 197.8500 0 1 {@L}A{@R}30-12{@@,safety,@L}A
20  18.10062897 -063.04766340 222.2900 0 1 {@R}30-12{@L}B{@@}B{safety}
20  18.10054781 -063.04733737 176.0500 0 1 {@L}B{@R}30-12{@@,safety,@L}B
14  18.10163345 -063.04730408  52.49 0 Grand Case Tower
1300  18.10126617 -063.04812654 153.56 misc turboprops|props|fighters 1A
1301 B none 
1300  18.10129510 -063.04769479 107.61 gate turboprops|props 2B
1301 B general_aviation 
1300  18.10148633 -063.04763401 107.61 gate turboprops|props 2C
1301 B general_aviation 
1300  18.10118192 -063.04730001 107.61 gate turboprops|props 3B
1301 B general_aviation 
1300  18.10137764 -063.04723090 107.61 gate turboprops|props 3C
1301 B general_aviation 
1300  18.10112518 -063.04694875 105.06 gate turboprops|props 5
1301 A general_aviation 
1300  18.10098671 -063.04670093 105.74 gate turboprops|props 6
1301 A general_aviation 
1300  18.10112287 -063.04666299 105.74 gate turboprops|props 7
1301 A general_aviation 
1300  18.10126533 -063.04662312 105.74 gate turboprops|props 8
1301 A general_aviation 
1300  18.10074204 -063.04653748 105.06 gate turboprops|props 9
1301 A general_aviation 
1300  18.10092977 -063.04647984 105.06 gate turboprops|props 10
1301 A general_aviation 
1300  18.10107316 -063.04644094 105.74 gate turboprops|props 11
1301 A general_aviation 
1300  18.10121785 -063.04640271 105.74 gate turboprops|props 12
1301 A general_aviation 
1300  18.10136990 -063.04648535  77.54 gate turboprops|props 13
1301 A general_aviation 
1300  18.10151061 -063.04644634  77.54 gate turboprops|props 14
1301 A general_aviation 
1300  18.10164820 -063.04640845  79.95 gate turboprops|props 15
1301 A general_aviation 
1300  18.10178792 -063.04636964  79.95 gate turboprops|props 16
1301 A general_aviation 
1300  18.10147787 -063.04664238  79.95 gate turboprops|props 17
1301 A general_aviation 
1300  18.10161552 -063.04660416  79.95 gate turboprops|props 18
1301 A general_aviation 
1300  18.10175512 -063.04656546  79.95 gate turboprops|props 19
1301 A general_aviation 
1300  18.10189944 -063.04652552  79.95 gate turboprops|props 20
1301 A general_aviation 
1300  18.10205773 -063.04674935 105.06 gate turboprops|props 21
1301 A general_aviation 
1300  18.10192842 -063.04678591 105.06 gate turboprops|props 22
1301 A general_aviation 
1300  18.10179309 -063.04682417 105.06 gate turboprops|props 23
1301 A general_aviation 
1300  18.10165954 -063.04686201 105.06 gate turboprops|props 24
1301 A general_aviation 
1300  18.10153028 -063.04689850 105.06 gate turboprops|props 25
1301 A general_aviation 
18  18.10192038 -063.04827299 1 BCN
19  18.10076998 -063.04822803 1 Windsock
19  18.10189007 -063.05194072 1 Windsock
1054 118700 JULIANA TOWER
1050 119200 GRAND CASE ATIS
1200 
1201  18.09882304 -063.04311268 both 0 _stop
1201  18.10142071 -063.05201363 both 1 _start
1201  18.10014282 -063.04763446 both 2 _start
1201  18.10052050 -063.04892419 both 3 A_stop
1201  18.10096013 -063.04876965 both 4 A_stop
1201  18.10124324 -063.04866576 both 5 A_start
1201  18.10125973 -063.04858093 both 6 A_stop
1201  18.10110318 -063.04804163 both 7 A_start
1201  18.10059141 -063.04750106 both 8 B_start
1201  18.10080061 -063.04743675 both 9 B_stop
1201  18.10096293 -063.04757148 both 10 B_stop
1201  18.10098838 -063.04720798 both 11 B_stop
1201  18.10091925 -063.04740406 both 12 B_stop
1201  18.10159337 -063.04747609 both 13 _stop
1201  18.10204205 -063.04860165 both 14 _start
1201  18.10182483 -063.04833968 both 15 _start
1202 1 3 twoway runway 12/30
1204 departure 12,30
1204 arrival 12,30
1204 ils 12,30
1202 3 2 twoway runway 12/30
1204 departure 12,30
1204 arrival 12,30
1204 ils 12,30
1202 2 0 twoway runway 12/30
1204 departure 12,30
1204 arrival 12,30
1204 ils 12,30
1202 4 3 twoway taxiway_B A
1204 departure 12,30
1204 arrival 12,30
1202 5 4 twoway taxiway_B A
1202 6 5 twoway taxiway_B A
1202 7 6 twoway taxiway_B A
1202 8 2 twoway taxiway_B B
1204 departure 12,30
1204 arrival 12,30
1202 9 8 twoway taxiway_B B
1202 10 9 twoway taxiway_B B
1202 7 10 twoway taxiway_B B
1202 12 11 twoway taxiway_B B
1202 9 12 twoway taxiway_B B
1202 12 10 twoway taxiway_B B
1206 14 15 twoway  
1206 15 13 twoway  
1400  18.10205859 -63.04843745  197.07 fuel_liners 0 New Service Truck 1
1400  18.10209485 -63.04856391  197.07 baggage_train 3 New Service Truck 11
1400  18.10205075 -63.04838007  197.07 pushback 0 New Service Truck 9
1400  18.10210262 -63.04849868  197.07 baggage_loader 0 New Service Truck 2
1401  18.10180547 -63.04737070  197.07 baggage_loader New Service Truck Destination 6
1401  18.10182270 -63.04745729  197.07 baggage_loader|fuel_liners New Service Truck Destination 6
1401  18.10175188 -63.04754388  197.07 baggage_train New Service Truck Destination 6
1401  18.10172158 -63.04743481  197.07 pushback New Service Truck Destination 6
99
