I
1130 Generated by WorldEditor 2.0.0r4

1     21 1 0 TIST St Thomas - Cyril E King
1302 city Charlotte Amalie - Harry S. Truman Airport
1302 country U.S. Virgin Islands
1302 datum_lat 18.337305556
1302 datum_lon -64.973333333
1302 faa_code 
1302 iata_code STT
1302 icao_code TIST
1302 region_code TI
1302 state (unassigned)
1302 transition_alt 18000
1302 transition_level 18000
100 46.02 1 1 0.00 0 2 0 10  18.33687200 -064.98342800    0   61 3 0 0 1 28  18.33772800 -064.96326100  701   61 2 0 0 0
110 1 0.25 0.0000 lib/airport/pavement/asphalt_2D.pol
111  18.33622489 -064.97089149
111  18.33614230 -064.97088871
111  18.33621168 -064.97045259
111  18.33628559 -064.97027488
111  18.33655885 -064.96298280
111  18.33679712 -064.96183573
111  18.33689796 -064.96137270
111  18.33695799 -064.96052337
112  18.33718674 -064.96028075  18.33739981 -064.96029187
111  18.33718674 -064.96028075
111  18.33798227 -064.96031985
112  18.33798227 -064.96031985  18.33818057 -064.96035318
111  18.33838519 -064.96058789
111  18.33904160 -064.96150424
111  18.33914659 -064.96184988
111  18.33912902 -064.96244071
111  18.33912008 -064.96268298
112  18.33906487 -064.96256264  18.33906595 -064.96247907
111  18.33906487 -064.96256264
111  18.33908337 -064.96187853
111  18.33898133 -064.96154065
111  18.33831600 -064.96064823
112  18.33796326 -064.96039752  18.33777128 -064.96037085
111  18.33796326 -064.96039752
111  18.33718396 -064.96035761
112  18.33718396 -064.96035761  18.33705105 -064.96035983
111  18.33702889 -064.96053084
111  18.33697008 -064.96138279
111  18.33686676 -064.96185170
111  18.33663591 -064.96299839
111  18.33634840 -064.97028173
113  18.33628086 -064.97046914
110 2 0.25 0.0000 lib/airport/pavement/concrete_1D.pol
111  18.33582609 -064.97431252
111  18.33569802 -064.97529909
111  18.33561355 -064.97529993
112  18.33499077 -064.97437503  18.33436192 -064.97411900
111  18.33499077 -064.97437503
111  18.33501204 -064.97428221
113  18.33538099 -064.97429639
110 1 0.25 0.0000 lib/airport/pavement/asphalt_2D.pol
111  18.33571878 -064.97409922
111  18.33571547 -064.97417740
111  18.33542542 -064.97416579
111  18.33484089 -064.97413780
112  18.33426964 -064.97389438  18.33402790 -064.97368139
111  18.33426964 -064.97389438
111  18.33379469 -064.97340279
111  18.33368848 -064.97351340
111  18.33356517 -064.97337213
111  18.33360912 -064.97332820
111  18.33349842 -064.97322170
111  18.33342500 -064.97318436
111  18.33270720 -064.97242503
111  18.33272963 -064.97239602
111  18.33245570 -064.97212535
111  18.33251539 -064.97205480
111  18.33251553 -064.97195457
111  18.33257628 -064.97199617
111  18.33429695 -064.97380789
111  18.33433914 -064.97384568
111  18.33441720 -064.97390346
111  18.33449259 -064.97395744
111  18.33459441 -064.97400347
111  18.33471888 -064.97403903
113  18.33483070 -064.97405903
110 1 0.25 0.0000 lib/airport/pavement/asphalt_2D.pol
111  18.33053532 -064.97141147
112  18.33080981 -064.97133626  18.33094716 -064.97133716
111  18.33080981 -064.97133626
111  18.33090307 -064.97133683
111  18.33100929 -064.97131586
111  18.33141634 -064.97117310
112  18.33156651 -064.97104963  18.33163010 -064.97095764
111  18.33156651 -064.97104963
111  18.33170150 -064.97086406
112  18.33192712 -064.97071590  18.33205429 -064.97069982
111  18.33192712 -064.97071590
111  18.33211377 -064.97070452
111  18.33219444 -064.97077363
111  18.33192967 -064.97078641
112  18.33192967 -064.97078641  18.33184187 -064.97078909
111  18.33176157 -064.97087332
111  18.33161507 -064.97107859
112  18.33161507 -064.97107859  18.33155063 -064.97117505
111  18.33146695 -064.97121172
111  18.33102465 -064.97137183
111  18.33090681 -064.97140115
111  18.33076909 -064.97139961
112  18.33063909 -064.97142966  18.33058105 -064.97146401
111  18.33063909 -064.97142966
113  18.33058942 -064.97147331
110 1 0.25 0.0000 lib/airport/pavement/asphalt_2D.pol
111  18.33250338 -064.97156423
111  18.33251553 -064.97195457
111  18.33251539 -064.97205480
111  18.33242468 -064.97200813
111  18.33215253 -064.97201480
111  18.33174014 -064.97317979
111  18.33093075 -064.97287981
111  18.33098319 -064.97273975
111  18.33064151 -064.97258773
111  18.33066048 -064.97252037
111  18.33078164 -064.97256291
111  18.33104901 -064.97256163
111  18.33109052 -064.97255648
111  18.33111860 -064.97254105
111  18.33114424 -064.97251533
111  18.33116621 -064.97248189
112  18.33131386 -064.97251269  18.33141644 -064.97247518
111  18.33131386 -064.97251269
111  18.33155641 -064.97226637
111  18.33165662 -064.97222563
111  18.33166893 -064.97218118
111  18.33201351 -064.97217377
111  18.33205394 -064.97201264
111  18.33163904 -064.97200894
111  18.33154762 -064.97204598
111  18.33141884 -064.97215629
113  18.33140972 -064.97151623
111  18.33140522 -064.97250591
111  18.33137738 -064.97257073
111  18.33142209 -064.97259325
111  18.33147700 -064.97246115
112  18.33163060 -064.97231103  18.33169277 -064.97227605
111  18.33163060 -064.97231103
111  18.33162498 -064.97229601
114  18.33162498 -064.97229601  18.33150275 -064.97235183
110 2 0.25 0.0000 lib/airport/pavement/concrete_2D.pol
111  18.33628772 -064.97089371
111  18.33618516 -064.97181567
111  18.33613134 -064.97368019
111  18.33574017 -064.97366726
111  18.33571878 -064.97409922
111  18.33483070 -064.97405903
111  18.33471888 -064.97403903
111  18.33459441 -064.97400347
111  18.33449737 -064.97396124
111  18.33441720 -064.97390346
111  18.33433914 -064.97384568
111  18.33429695 -064.97380789
111  18.33257628 -064.97199617
111  18.33251553 -064.97195457
111  18.33250338 -064.97156423
111  18.33140972 -064.97151623
111  18.33141884 -064.97215629
111  18.33132615 -064.97225038
111  18.33123336 -064.97237128
111  18.33116621 -064.97248189
111  18.33114424 -064.97251533
111  18.33111860 -064.97254105
111  18.33109052 -064.97255648
111  18.33104901 -064.97256163
111  18.33078164 -064.97256291
111  18.33066048 -064.97252037
111  18.33041904 -064.97243559
111  18.33037628 -064.97145335
112  18.33040851 -064.97145490  18.33041291 -064.97145181
111  18.33053011 -064.97140551
111  18.33053532 -064.97141147
111  18.33058942 -064.97147331
111  18.33059897 -064.97148422
111  18.33099160 -064.97147033
111  18.33098281 -064.97143021
111  18.33154754 -064.97122522
111  18.33181418 -064.97086408
111  18.33195201 -064.97085481
111  18.33235490 -064.97127924
111  18.33335287 -064.97130844
111  18.33502484 -064.97135958
111  18.33559597 -064.97086993
111  18.33614230 -064.97088871
113  18.33622489 -064.97089149
110 2 0.25 0.0000 lib/airport/pavement/concrete_4D.pol
111  18.33657367 -064.97232728
111  18.33650352 -064.97368588
111  18.33613134 -064.97368019
111  18.33618516 -064.97181567
111  18.33650892 -064.97182136
113  18.33649813 -064.97232728
110 2 0.25 0.0000 lib/airport/pavement/concrete_6D.pol
112  18.33614271 -064.98313941  18.33627294 -064.98315077
111  18.33614271 -064.98313941
111  18.33613163 -064.98339320
112  18.33613163 -064.98339320  18.33599143 -064.98340024
112  18.33562726 -064.98297078  18.33555692 -064.98266780
111  18.33562726 -064.98297078
111  18.33588328 -064.98290579
114  18.33588328 -064.98290579  18.33591142 -064.98302530
110 2 0.25 0.0000 lib/airport/pavement/concrete_6D.pol
111  18.33657367 -064.97232728
111  18.33649813 -064.97232728
111  18.33650892 -064.97182136
111  18.33618516 -064.97181567
111  18.33628772 -064.97089371
111  18.33651803 -064.97090182
111  18.33651803 -064.97090182
111  18.33668301 -064.97090918
113  18.33662657 -064.97188091
110 1 0.25 177.4000 A
111  18.33669651 -064.98277186
111  18.33667159 -064.98342529
111  18.33658613 -064.98342559
111  18.33658298 -064.98349530
111  18.33615655 -064.98347780
112  18.33615655 -064.98347780  18.33563044 -064.98342889
111  18.33554639 -064.98299131
111  18.33562726 -064.98297078
112  18.33613163 -064.98339320  18.33653568 -064.98342218
111  18.33613163 -064.98339320
111  18.33614271 -064.98313941
112  18.33614271 -064.98313941  18.33592091 -064.98312492
111  18.33588328 -064.98290579
111  18.33591653 -064.98289735
111  18.33593382 -064.98243052
111  18.33595995 -064.98286812
112  18.33616763 -064.98306940  18.33635504 -064.98309114
111  18.33616763 -064.98306940
111  18.33631888 -064.98307564
114  18.33631888 -064.98307564  18.33651488 -064.98306839
110 1 0.25 87.4000 A
111  18.33650508 -064.97397896
111  18.33645301 -064.97433281
111  18.33615615 -064.97642635
111  18.33593382 -064.98243052
111  18.33591653 -064.98289735
111  18.33588328 -064.98290579
111  18.33562726 -064.98297078
111  18.33554639 -064.98299131
112  18.33554193 -064.98267184  18.33555139 -064.98248456
111  18.33554193 -064.98267184
111  18.33584518 -064.97530849
111  18.33569802 -064.97529909
111  18.33582609 -064.97431252
111  18.33538099 -064.97429639
111  18.33542542 -064.97416579
111  18.33571547 -064.97417740
111  18.33571878 -064.97409922
111  18.33574017 -064.97366726
111  18.33613134 -064.97368019
113  18.33650352 -064.97368588
110 1 0.25 177.4000 A
111  18.33745612 -064.96318644
111  18.33745335 -064.96325332
111  18.33752385 -064.96325399
111  18.33749212 -064.96391572
112  18.33722629 -064.96359483  18.33710246 -064.96358134
111  18.33722629 -064.96359483
112  18.33722629 -064.96359483  18.33711100 -064.96358921
111  18.33706292 -064.96371152
111  18.33694815 -064.96471591
113  18.33701366 -064.96317723
110 1 0.25 87.4000 A
111  18.33671695 -064.97090992
111  18.33668301 -064.97090918
111  18.33651803 -064.97090182
111  18.33651803 -064.97090182
111  18.33628772 -064.97089371
111  18.33629230 -064.97085533
111  18.33629810 -064.97080675
111  18.33634543 -064.97080763
111  18.33665208 -064.96355814
112  18.33701366 -064.96317723  18.33732031 -064.96318688
111  18.33701366 -064.96317723
111  18.33694815 -064.96471591
111  18.33686861 -064.96658418
111  18.33680352 -064.96811308
113  18.33672876 -064.96986923
110 1 0.25 87.4000 B
111  18.33819761 -064.97723483
111  18.33763107 -064.97719633
111  18.33776490 -064.97443400
111  18.33777423 -064.97424138
111  18.33801790 -064.96921201
111  18.33828594 -064.96922485 53 102
111  18.33837667 -064.96709470
111  18.33839384 -064.96669155 53 102
111  18.33842632 -064.96592889
111  18.33840802 -064.96590237
111  18.33849588 -064.96380882
111  18.33830726 -064.96379630
111  18.33830867 -064.96368675
111  18.33831134 -064.96347904
111  18.33876838 -064.96348908
112  18.33876838 -064.96348908  18.33867037 -064.96349270 53 102
111  18.33866653 -064.96357209 53 102
111  18.33866098 -064.96373631
111  18.33873792 -064.96374817
111  18.33865872 -064.96588846
111  18.33857039 -064.96593980 53 102
111  18.33853587 -064.96676600
111  18.33851884 -064.96717337 53 102
111  18.33843244 -064.96924099
113  18.33854803 -064.96925264
110 1 0.25 30.0000 B
111  18.33776490 -064.97443400 53 102
111  18.33744691 -064.97472260
111  18.33746008 -064.97438070 53 102
112  18.33762971 -064.97436301  18.33771511 -064.97428326
111  18.33762971 -064.97436301 53 102
113  18.33777423 -064.97424138
110 1 0.25 87.4000 C
111  18.33703175 -064.97481473 53 102
111  18.33693776 -064.97470176
111  18.33689160 -064.97572602
112  18.33681244 -064.97540836  18.33682076 -064.97525933
111  18.33681244 -064.97540836
111  18.33683986 -064.97479227
112  18.33679112 -064.97457728  18.33673911 -064.97452907
111  18.33679112 -064.97457728 53 102
111  18.33645301 -064.97433281
111  18.33650508 -064.97397896 53 102
111  18.33694342 -064.97438476
112  18.33694342 -064.97438476  18.33699959 -064.97440667 53 102
113  18.33705916 -064.97432058
110 1 0.25 177.5000 D
111  18.33716352 -064.97176472
112  18.33690690 -064.97141695  18.33672606 -064.97140743
111  18.33690690 -064.97141695
112  18.33690690 -064.97141695  18.33677127 -064.97141015
111  18.33674185 -064.97157092
111  18.33659914 -064.97352149
111  18.33650508 -064.97397896
111  18.33650352 -064.97368588
111  18.33657367 -064.97232728
111  18.33662657 -064.97188091
111  18.33668301 -064.97090918
111  18.33671695 -064.97090992
112  18.33680687 -064.97099244  18.33689471 -064.97099925
111  18.33680687 -064.97099244
111  18.33705058 -064.97100933
112  18.33705058 -064.97100933  18.33712938 -064.97100661
113  18.33719847 -064.97094239
110 1 0.25 177.4000 E
111  18.33686861 -064.96658418
112  18.33694248 -064.96663599  18.33699733 -064.96663599
111  18.33694248 -064.96663599
111  18.33721686 -064.96664395
112  18.33721686 -064.96664395  18.33730386 -064.96664594
111  18.33739055 -064.96656174
111  18.33735028 -064.96745278
112  18.33708848 -064.96707356  18.33695506 -064.96706560
111  18.33708848 -064.96707356
112  18.33708848 -064.96707356  18.33698779 -064.96706826
111  18.33691227 -064.96719820
113  18.33680352 -064.96811308
110 1 0.25 177.4000 F
111  18.33837667 -064.96709470 53 102
112  18.33826961 -064.96695109  18.33818990 -064.96693956
111  18.33826961 -064.96695109 53 102
111  18.33788638 -064.96692939
112  18.33788638 -064.96692939  18.33782230 -064.96692774 53 102
111  18.33777073 -064.96700171
111  18.33778446 -064.96672688 53 102
112  18.33788744 -064.96679197  18.33794840 -064.96679362
111  18.33788744 -064.96679197 53 102
111  18.33826732 -064.96680643
112  18.33826732 -064.96680643  18.33834860 -064.96680973 53 102
113  18.33839384 -064.96669155
110 1 0.25 177.4000 F
111  18.33853587 -064.96676600 53 102
112  18.33859912 -064.96683690  18.33864914 -064.96684184
111  18.33859912 -064.96683690 53 102
111  18.33904609 -064.96685960
112  18.33904609 -064.96685960  18.33911799 -064.96683820 53 102
111  18.33911860 -064.96670431
111  18.33923581 -064.96670431
111  18.33923687 -064.96659658
111  18.33976406 -064.96662363
111  18.33974961 -064.96733258
111  18.33979270 -064.96733549
111  18.33978736 -064.96751034
111  18.33948320 -064.96749531
111  18.33948488 -064.96741057
111  18.33941321 -064.96740105
111  18.33939948 -064.96757463
111  18.33929566 -064.96757728
111  18.33929879 -064.96743480
111  18.33927735 -064.96743392
111  18.33927797 -064.96726327
111  18.33913631 -064.96725640
111  18.33913402 -064.96716237
111  18.33855962 -064.96713344
113  18.33851884 -064.96717337
110 1 0.25 177.4000 G
111  18.33924505 -064.96356630 102
112  18.33917396 -064.96351114  18.33914473 -064.96351295
111  18.33917396 -064.96351114 102
111  18.33889907 -064.96349619 53 102
111  18.33876838 -064.96348908
111  18.33831134 -064.96347904
111  18.33830867 -064.96368675
112  18.33820519 -064.96355244  18.33813707 -064.96354378
111  18.33820519 -064.96355244
111  18.33806799 -064.96354731
112  18.33806799 -064.96354731  18.33799870 -064.96354607
111  18.33791687 -064.96365673
111  18.33792962 -064.96327410 53 102
111  18.33832371 -064.96330032
111  18.33842516 -064.96330707
111  18.33842306 -064.96334938 53 102
111  18.33845370 -064.96335127 53 102
111  18.33890239 -064.96337889 102
111  18.33916659 -064.96339516
112  18.33916659 -064.96339516  18.33921301 -064.96339516 102
113  18.33925305 -064.96335371
110 2 0.25 87.4000 Apron
111  18.33982152 -064.96662578
111  18.33976406 -064.96662363
111  18.33923687 -064.96659658
111  18.33923581 -064.96670431
111  18.33911860 -064.96670431
111  18.33897155 -064.96670714
111  18.33909552 -064.96371142
111  18.33923959 -064.96371142
111  18.33924505 -064.96356630
111  18.33925305 -064.96335371
111  18.33925685 -064.96325255
111  18.33910222 -064.96324549
111  18.33912008 -064.96268298
111  18.33912902 -064.96244071
111  18.33950570 -064.96245572
111  18.33949986 -064.96267103
111  18.33953883 -064.96267434
111  18.33953108 -064.96317842
113  18.33963688 -064.96317864
110 2 0.25 87.4000 Apron
111  18.33894362 -064.96724692
111  18.33913631 -064.96725640
111  18.33927797 -064.96726327
111  18.33927735 -064.96743392
111  18.33929879 -064.96743480
111  18.33929566 -064.96757728
111  18.33939948 -064.96757463
111  18.33941321 -064.96740105
111  18.33948488 -064.96741057
111  18.33948320 -064.96749531
111  18.33978736 -064.96751034
111  18.33984971 -064.96751318
111  18.33979856 -064.96876305
111  18.33957704 -064.96875430
112  18.33957704 -064.96875430  18.33943287 -064.96876153
111  18.33944365 -064.96894493
111  18.33954381 -064.96894683
111  18.33950782 -064.96981613
111  18.33921707 -064.96980446
111  18.33924753 -064.96912769
112  18.33928906 -064.96902850  18.33929135 -064.96897787
111  18.33924476 -064.96894974
111  18.33923645 -064.96880972
111  18.33910631 -064.96880388
112  18.33910908 -064.96862302  18.33909800 -064.96862302
111  18.33910908 -064.96862302
113  18.33889587 -064.96862302
110 15 0.00 0.0000 WS Circle
112  18.33691105 -064.96277294  18.33688039 -064.96277165 106
112  18.33677512 -064.96261411  18.33677940 -064.96249100 106
112  18.33692312 -064.96246493  18.33696236 -064.96246493 106
114  18.33708018 -064.96262952  18.33707733 -064.96276164 106
130 Airport Boundary
111  18.33754338 -064.98372113
111  18.33743046 -064.98392774
111  18.33718969 -064.98405520
111  18.33647503 -064.98401184
111  18.33599276 -064.98391392
111  18.33561633 -064.98367140
111  18.33540489 -064.98333565
111  18.33531783 -064.98294384
111  18.33554961 -064.97536947
111  18.33550061 -064.97499021
111  18.33531783 -064.97473463
111  18.33499234 -064.97442809
111  18.33386846 -064.97401633
111  18.33277273 -064.97361442
111  18.33087022 -064.97290820
111  18.32972862 -064.97242704
111  18.32937040 -064.97241357
111  18.32891723 -064.97220511
111  18.32889795 -064.97186416
111  18.32928687 -064.97160212
111  18.32998445 -064.97145189
111  18.33064539 -064.97125572
111  18.33111940 -064.97116133
111  18.33174528 -064.97072182
111  18.33212391 -064.97028291
111  18.33235295 -064.97010005
111  18.33282306 -064.97010259
111  18.33320880 -064.97048355
111  18.33354632 -064.97052164
111  18.33468758 -064.97036418
111  18.33550727 -064.97051910
111  18.33592711 -064.97026121
111  18.33608586 -064.96970647
111  18.33638684 -064.96297512
111  18.33673007 -064.95884810
111  18.33755067 -064.95920351
111  18.33941791 -064.96195446
111  18.33969979 -064.96273176
111  18.33998269 -064.96662118
111  18.34006485 -064.96716291
111  18.34008528 -064.96773182
111  18.34004477 -064.96895493
111  18.33960215 -064.96888949
111  18.33916340 -064.97456568
111  18.33966039 -064.97459431
111  18.33964097 -064.97509743
111  18.33912457 -064.97508107
111  18.33867418 -064.97482637
111  18.33863381 -064.97564058
111  18.33870762 -064.97764499
111  18.33863993 -064.97821513
111  18.33837959 -064.97838380
113  18.33781401 -064.97856254
120 RH
111  18.33613344 -064.98339891 54
111  18.33613900 -064.98328941 54
111  18.33614655 -064.98314056
111  18.33594482 -064.97994803 56
111  18.33572028 -064.97993689
111  18.33653146 -064.97438449 54
111  18.33654523 -064.97419801 54
111  18.33655755 -064.97403106
111  18.33664857 -064.97156771 54
111  18.33666649 -064.97126340 54
111  18.33667465 -064.97112467 54
111  18.33668185 -064.97100242
111  18.33684086 -064.96718393 54
111  18.33685568 -064.96684368 54
111  18.33686276 -064.96668122
111  18.33698761 -064.96372098 54
111  18.33700134 -064.96339441 54
115  18.33700724 -064.96325422
120 RH
111  18.33845370 -064.96335127 54
111  18.33845362 -064.96341611 54
111  18.33845351 -064.96351238
111  18.33827507 -064.96680795 54
111  18.33827233 -064.96687986 54
111  18.33826961 -064.96695109
111  18.33802289 -064.97400170 54
111  18.33807371 -064.97406315 54
115  18.33811957 -064.97411861
120 TH
111  18.33876601 -064.96684422 55
115  18.33876269 -064.96696151
120 TH
111  18.33890239 -064.96337889 55
115  18.33889907 -064.96349619
120 TH
111  18.33585809 -064.97427310 55
111  18.33609984 -064.97365254 55
111  18.33618516 -064.97181567 55
115  18.33628772 -064.97089371
120 TL
111  18.33576426 -064.97398240 51
116  18.33604503 -064.97440894  18.33605613 -064.97475188
120 TL
111  18.33593974 -064.97399711 51
116  18.33636354 -064.97370703  18.33644523 -064.97341108
120 TL
111  18.33916783 -064.96848684 51
111  18.33922152 -064.96711528 51
112  18.33906217 -064.96691411  18.33892196 -064.96685148
111  18.33906217 -064.96691411
112  18.33906217 -064.96691411  18.33916308 -064.96687731 51
111  18.33918360 -064.96678337 51
111  18.33932051 -064.96363530 51
112  18.33918007 -064.96344890  18.33905444 -064.96341823
111  18.33918007 -064.96344890
112  18.33918007 -064.96344890  18.33929447 -064.96344515 51
111  18.33931556 -064.96331716 51
115  18.33932528 -064.96298420
120 TL
111  18.33615992 -064.97401556 51
111  18.33593974 -064.97399711 51
111  18.33576426 -064.97398240 51
111  18.33495807 -064.97394049 51
112  18.33434858 -064.97371413  18.33413855 -064.97349286
111  18.33434858 -064.97371413 51
111  18.33270126 -064.97196442 51
112  18.33244486 -064.97182778  18.33231227 -064.97182778
111  18.33244486 -064.97182778 51
115  18.33141455 -064.97184099
120 TL
111  18.33666936 -064.98326508 51
111  18.33655014 -064.98330705 51
111  18.33613900 -064.98328941
112  18.33572344 -064.98278625  18.33573449 -064.98235916
111  18.33572344 -064.98278625 51
111  18.33583196 -064.97995930
111  18.33583311 -064.97992924 51
111  18.33596741 -064.97643087 51
115  18.33604503 -064.97440894
120 TL
111  18.33859666 -064.96352332 51
116  18.33871145 -064.96342778  18.33880427 -064.96342498
120 TL
111  18.33645609 -064.97411934
116  18.33635533 -064.97377167  18.33637408 -064.97353620
120 TL
111  18.33693751 -064.97454329 51
111  18.33654523 -064.97419801
111  18.33645609 -064.97411934
111  18.33630662 -064.97405287 51
115  18.33615992 -064.97401556
120 TL
111  18.33651622 -064.97085869
112  18.33667465 -064.97112467  18.33679528 -064.97120903
111  18.33667465 -064.97112467
111  18.33667465 -064.97112467 51
112  18.33685205 -064.97118218  18.33695240 -064.97119343
111  18.33685205 -064.97118218
112  18.33685205 -064.97118218  18.33671540 -064.97122042 51
111  18.33666649 -064.97126340
111  18.33666649 -064.97126340
112  18.33666649 -064.97126340  18.33653625 -064.97137025
115  18.33648713 -064.97154344
120 TL
111  18.33718618 -064.96682960 51
111  18.33697036 -064.96682412 51
111  18.33685568 -064.96684368
111  18.33685568 -064.96684368
112  18.33685568 -064.96684368  18.33670094 -064.96690954
115  18.33667388 -064.96714741
120 TL
111  18.33846276 -064.96676863
112  18.33833035 -064.96688242  18.33822828 -064.96689963
111  18.33833035 -064.96688242
112  18.33833035 -064.96688242  18.33843786 -064.96691397
115  18.33845303 -064.96700463
120 TL
111  18.33906217 -064.96691411 51
111  18.33845149 -064.96688767
111  18.33833035 -064.96688242
111  18.33827233 -064.96687986 51
115  18.33780354 -064.96685962
120 TL
111  18.33918007 -064.96344890 51
111  18.33871145 -064.96342778
111  18.33846723 -064.96341677
111  18.33845362 -064.96341611 51
115  18.33795925 -064.96339388
120 TL
111  18.33753828 -064.97454829 51
111  18.33807371 -064.97406315
111  18.33813692 -064.97400532
112  18.33816827 -064.97390664  18.33817321 -064.97384766
111  18.33816827 -064.97390664
111  18.33817727 -064.97368839 51
111  18.33845303 -064.96700463 51
111  18.33846276 -064.96676863 51
111  18.33858854 -064.96372015
111  18.33859666 -064.96352332
112  18.33859666 -064.96352332  18.33856672 -064.96343185
115  18.33846723 -064.96341677
120 TL
111  18.33766936 -064.96442648 51
111  18.33769386 -064.96384912 51
112  18.33726548 -064.96334601  18.33684257 -064.96328237
111  18.33726548 -064.96334601
112  18.33726548 -064.96334601  18.33719499 -064.96333541 51
111  18.33700134 -064.96339441
111  18.33700134 -064.96339441
112  18.33700134 -064.96339441  18.33682261 -064.96345806
115  18.33681798 -064.96375541
120 TL
111  18.33791106 -064.97720060 51
115  18.33801985 -064.97420836
120 TL
111  18.33596741 -064.97643087 51
111  18.33624453 -064.97437958 51
111  18.33635533 -064.97377167 51
111  18.33636354 -064.97370703 51
115  18.33641114 -064.97333221
120 TL
111  18.33681798 -064.96375541 51
111  18.33667388 -064.96714741 51
111  18.33651622 -064.97085869 51
111  18.33648713 -064.97154344 51
115  18.33641114 -064.97333221
120 TL
111  18.33719661 -064.97554329 51
111  18.33722111 -064.97496592 51
116  18.33693751 -064.97454329  18.33667439 -064.97439117
120 TL
111  18.33720905 -064.97570970 51
111  18.33723355 -064.97513233 51
116  18.33753828 -064.97454829  18.33781125 -064.97433839
120 TL
111  18.33733639 -064.97224861 51
111  18.33736089 -064.97167124 51
112  18.33718183 -064.97126506  18.33701875 -064.97115487 51
115  18.33685205 -064.97118218
120 TL
111  18.33752564 -064.96780503 51
111  18.33755015 -064.96722767 51
116  18.33718618 -064.96682960  18.33685276 -064.96676652
120 TL
111  18.33755055 -064.96765659 51
111  18.33757505 -064.96707923 51
116  18.33780354 -064.96685962  18.33802030 -064.96685962
120 TL
112  18.33795925 -064.96339388  18.33774443 -064.96338914 51
111  18.33772310 -064.96360504 51
115  18.33769860 -064.96418240
120 TB
111  18.33913631 -064.96725640 53 102
112  18.33916966 -064.96718579  18.33916613 -064.96713383
111  18.33916966 -064.96718579 53 102
111  18.33914318 -064.96705827 53 102
112  18.33905996 -064.96697459  18.33900242 -064.96696964
111  18.33905996 -064.96697459 53 102
111  18.33861930 -064.96695467
112  18.33861930 -064.96695467  18.33855001 -064.96695219 53 102
111  18.33852565 -064.96701568 53 102
115  18.33851884 -064.96717337
120 TB
111  18.33666342 -064.98342439 53 102
111  18.33616006 -064.98340141 53 102
112  18.33577391 -064.98323563  18.33560022 -064.98306856 53 102
111  18.33560805 -064.98274901 53 102
111  18.33572028 -064.97993689 53 102
111  18.33594045 -064.97442025 53 102
116  18.33571878 -064.97409922  18.33548997 -064.97401481
120 TB
111  18.33571878 -064.97409922 53 102
111  18.33489411 -064.97406704 53 102
112  18.33428918 -064.97379234  18.33402758 -064.97353231
111  18.33428918 -064.97379234 53 102
111  18.33391813 -064.97340408 53
111  18.33258615 -064.97201036 53
112  18.33240331 -064.97192517  18.33230310 -064.97192517
111  18.33240331 -064.97192517 53
111  18.33142061 -064.97193443 53
115  18.33142237 -064.97215297
120 TB
111  18.33645301 -064.97433281 53 102
112  18.33636726 -064.97437910  18.33636056 -064.97443557
111  18.33636726 -064.97437910 53 102
111  18.33609516 -064.97642740 53 102
111  18.33594482 -064.97994803 53 102
111  18.33589042 -064.98122175 53 102
111  18.33586900 -064.98285478
112  18.33586900 -064.98285478  18.33589769 -064.98312897 53 102
111  18.33616575 -064.98314203 53 102
111  18.33630509 -064.98315006
112  18.33630509 -064.98315006  18.33652020 -064.98314042 53 102
115  18.33668888 -064.98288694
120 TB
111  18.33695241 -064.97471205 53 102
115  18.33679112 -064.97457728
120 TB
111  18.33716645 -064.97161486 53 102
112  18.33691724 -064.97134437  18.33670212 -064.97133955 53 102
111  18.33665544 -064.97157508 53 102
111  18.33655726 -064.97254569 53 102
111  18.33652610 -064.97331494 53 102
111  18.33647145 -064.97377081
112  18.33647145 -064.97377081  18.33645440 -064.97390404 53 102
115  18.33650508 -064.97397896
120 TB
111  18.33734275 -064.96731346 53 102
112  18.33706801 -064.96699579  18.33690095 -064.96698615 53 102
111  18.33683012 -064.96721816 53 102
111  18.33676312 -064.96782880 53 102
111  18.33664290 -064.97088959
112  18.33664290 -064.97088959  18.33664101 -064.97103105 53 102
111  18.33681398 -064.97106897 53 102
111  18.33706913 -064.97107324
112  18.33706913 -064.97107324  18.33713154 -064.97107125 53 102
115  18.33718670 -064.97100918
120 TB
111  18.33643730 -064.97085291 53 102
111  18.33671420 -064.96356302
112  18.33671420 -064.96356302  18.33676655 -064.96325555 53 102
111  18.33711017 -064.96323048 53 102
115  18.33752275 -064.96324798
120 TB
111  18.33750414 -064.96379304 53 102
112  18.33720893 -064.96353990  18.33704782 -064.96353990 53 102
111  18.33697551 -064.96376411 53 102
111  18.33689542 -064.96456451 53 102
111  18.33681532 -064.96662147
112  18.33681532 -064.96662147  18.33682220 -064.96666676 53 102
111  18.33691713 -064.96670766 53 102
111  18.33722495 -064.96672032
112  18.33722495 -064.96672032  18.33729888 -064.96672213 53 102
115  18.33738514 -064.96663835
120 TB
111  18.33777423 -064.97424138 53 102
111  18.33802289 -064.97400170 53 102
111  18.33805352 -064.97397536 53 102
112  18.33810196 -064.97390833  18.33810665 -064.97387210
111  18.33810196 -064.97390833 53 102
111  18.33828594 -064.96922485
111  18.33843244 -064.96924099 53 102
111  18.33824544 -064.97397415 53 102
111  18.33822722 -064.97402289 53 102
111  18.33811957 -064.97411861 53
111  18.33785994 -064.97434948 53 102
115  18.33776490 -064.97443400
120 TB
111  18.33832371 -064.96330032 53 102
111  18.33832277 -064.96334372 53 102
115  18.33842306 -064.96334938
120 TB
111  18.33842600 -064.96591861 53 102
111  18.33852091 -064.96362393 53 102
112  18.33838259 -064.96348448  18.33826245 -064.96346951
111  18.33838259 -064.96348448 53 102
111  18.33807809 -064.96349045
112  18.33807809 -064.96349045  18.33800008 -064.96349454 53 102
115  18.33792490 -064.96358808
120 TB
111  18.33866098 -064.96373631 53 102
115  18.33857039 -064.96593980
120 TB
111  18.33643730 -064.97085291 59
111  18.33627714 -064.97365257
112  18.33627714 -064.97365257  18.33622680 -064.97384302 59
111  18.33593254 -064.97389174 59
111  18.33493229 -064.97384607 59
112  18.33444448 -064.97366978  18.33429802 -064.97349621
111  18.33444448 -064.97366978 59
111  18.33339469 -064.97254592 59
111  18.33272631 -064.97184741 59
112  18.33247884 -064.97171756  18.33237085 -064.97170881
111  18.33247884 -064.97171756 59
115  18.33139378 -064.97172839
120 Road Markings
111  18.33622210 -064.97089888 20
111  18.33595837 -064.97166185 20
111  18.33585847 -064.97348058
112  18.33585847 -064.97348058  18.33582477 -064.97373524 20
111  18.33559689 -064.97373366 20
111  18.33475642 -064.97371321 20
112  18.33460149 -064.97364661  18.33455324 -064.97358733
111  18.33460149 -064.97364661 20
111  18.33288429 -064.97183301 20
111  18.33270762 -064.97170300 20
111  18.33212899 -064.97150083 20
111  18.33205198 -064.97148133 20
111  18.33146586 -064.97146687
111  18.33146187 -064.97139859 20
111  18.33204275 -064.97141528 20
111  18.33216312 -064.97143760 20
111  18.33271837 -064.97162489 20
111  18.33295995 -064.97179936 20
111  18.33462104 -064.97356098
112  18.33462104 -064.97356098  18.33464755 -064.97360328 20
111  18.33476850 -064.97362481 20
111  18.33559231 -064.97364877 20
112  18.33579316 -064.97346201  18.33581807 -064.97328915
111  18.33579316 -064.97346201
112  18.33579316 -064.97346201  18.33579325 -064.97346122 20
111  18.33587867 -064.97164190 20
111  18.33613923 -064.97089747
111  18.33618400 -064.97089779 22
111  18.33591661 -064.97165315 22
111  18.33582680 -064.97347484
112  18.33582680 -064.97347484  18.33579604 -064.97367857 22
111  18.33559323 -064.97369357 22
111  18.33478033 -064.97367058 22
112  18.33463398 -064.97362454  18.33457904 -064.97357695
111  18.33463398 -064.97362454 22
111  18.33294526 -064.97183938 22
111  18.33272185 -064.97167149 22
111  18.33214490 -064.97147253 22
111  18.33205049 -064.97144869 22
115  18.33146921 -064.97143494
120 lib/airport/lines/57_taxi_hold_b.lin
111  18.33817727 -064.97368839 61
111  18.33816827 -064.97390664
112  18.33816827 -064.97390664  18.33816333 -064.97396562 61
111  18.33813692 -064.97400532 61
115  18.33807371 -064.97406315
120 lib/airport/lines/57_taxi_hold_b.lin
111  18.33845303 -064.96700463 61
112  18.33833035 -064.96688242  18.33822284 -064.96685087
111  18.33833035 -064.96688242
112  18.33833035 -064.96688242  18.33843235 -064.96686342 61
115  18.33846276 -064.96676863
120 lib/airport/lines/57_taxi_hold_b.lin
111  18.33827233 -064.96687986 61
111  18.33833035 -064.96688242 61
115  18.33845149 -064.96688767
120 lib/airport/lines/57_taxi_hold_b.lin
111  18.33858854 -064.96372015 61
111  18.33859666 -064.96352332
112  18.33859666 -064.96352332  18.33856672 -064.96343185 61
115  18.33846723 -064.96341677
120 lib/airport/lines/57_taxi_hold_b.lin
111  18.33845362 -064.96341611 61
111  18.33846723 -064.96341677 61
115  18.33871145 -064.96342778
120 lib/airport/lines/57_taxi_hold_b.lin
111  18.33613900 -064.98328941 61
112  18.33584761 -064.98313208  18.33571479 -064.98300469 61
115  18.33572344 -064.98278625
120 lib/airport/lines/57_taxi_hold_b.lin
111  18.33645609 -064.97411934 61
116  18.33635533 -064.97377167  18.33637408 -064.97353620
120 lib/airport/lines/57_taxi_hold_b.lin
111  18.33654523 -064.97419801 61
111  18.33645609 -064.97411934 61
115  18.33630662 -064.97405287
120 lib/airport/lines/57_taxi_hold_b.lin
111  18.33651622 -064.97085869 61
116  18.33667465 -064.97112467  18.33680012 -064.97121861
120 lib/airport/lines/57_taxi_hold_b.lin
111  18.33648713 -064.97154344 61
116  18.33666649 -064.97126340  18.33678626 -064.97117130
120 lib/airport/lines/57_taxi_hold_b.lin
112  18.33685568 -064.96684368  18.33676907 -064.96687390 61
116  18.33667388 -064.96714741  18.33666183 -064.96727189
120 lib/airport/lines/57_taxi_hold_b.lin
112  18.33700134 -064.96339441  18.33687744 -064.96343792 61
116  18.33681798 -064.96375541  18.33681660 -064.96388884
21  18.33747002 -064.98013482 2 87.4400 3.00 10  PAPI-4L
20  18.33741037 -064.98062332 267.4000 0 2 {@B}1{@@,@B}6
20  18.33753905 -064.97773827 267.4000 0 2 {@B}2{@@,@B}5
20  18.33766275 -064.97484793 267.4000 0 2 {@B}3{@@,@B}4
20  18.33778635 -064.97195325 267.4000 0 2 {@B}4{@@,@B}3
20  18.33790995 -064.96906858 267.4000 0 2 {@B}5{@@,@B}2
20  18.33803463 -064.96618039 267.4000 0 2 {@B}6{@@,@B}1
20  18.33707164 -064.96387899 45.4900 0 3 {@L}A{@R}28{@@,safety}{@L}A
20  18.33610817 -064.98357063 331.8400 0 3 {@L}A{@R}10{@@,safety}{@L}A
20  18.33559865 -064.97991990 267.4000 0 3 {@R}ILS{@@,critical}
20  18.33794114 -064.97390097 222.4200 0 3 {@L}B{@R}28-10{@@,safety}{@L}B
20  18.33860873 -064.96732536 87.0000 0 3 {@L}B{@Y,^l}F{^r}
20  18.33832245 -064.96651783 267.0000 0 3 {@L}B{@Y,^l}F{^r}
20  18.33873792 -064.96374817 88.2900 0 3 {@L}B{@Y,^l}G{^r}
20  18.33651653 -064.97446400 337.5500 0 3 {@L}C{@R}10-28{@@,safety}{@L}C
20  18.33677804 -064.97094716 15.8600 0 3 {@R}10-28{@L}D
20  18.33676704 -064.97165846 334.1800 0 3 {@L}D{@R}10-28{@@,safety}{@L}D
20  18.33693442 -064.96728155 31.9400 0 3 {@L}E{@R}10-28{@@,safety}{@L}E
20  18.33828316 -064.96673119 177.0000 0 3 {@L}F{@R}28-10{@@,safety}{@L}F
20  18.33872820 -064.96674883 177.0000 0 3 {@L}F{@Y,^l}B{^r}
20  18.33818519 -064.96704218 357.0000 0 3 {@L}F{@Y,^l}B{^r}
20  18.33845610 -064.96324425 177.0000 0 3 {@L}G{@R}28{@@,safety}{@L}G
20  18.33885411 -064.96331082 176.2300 0 3 {@L}G{@Y}B{^r}
20  18.33657783 -064.98270335 267.4000 0 3 {@Y,^l}A
20  18.33836237 -064.96365507 357.0000 0 3 {@Y,^l}B{@L}G
20  18.33694777 -064.97411629 267.4000 0 3 {@Y,^l}C
20  18.33709125 -064.97079142 267.4000 0 2 {@Y,^l}D
20  18.33726670 -064.96652590 267.4000 0 3 {@Y,^l}E
20  18.33787940 -064.96718983 87.4000 0 3 {@Y,^l}F
20  18.33802009 -064.96378420 87.4000 0 3 {@Y,^l}G
20  18.33754955 -064.97497046 87.4000 0 3 {@Y,^lu}B
20  18.33738232 -064.96396723 87.4000 0 3 {@Y}A{^r}
20  18.33689740 -064.97524096 87.4000 0 3 {@Y}C{^ru}
20  18.33704775 -064.97176527 87.4000 0 3 {@Y}D{^r}
20  18.33723280 -064.96741906 87.4000 0 3 {@Y}E{^r}
14  18.33927616 -064.97482625  82.02 0 Tower Viewpoint
1300  18.33911408 -064.96591623  31.50 tie_down jets|turboprops|props|helos Alliance Aviation
1301 A general_aviation 
1300  18.33128863 -064.97207865  42.60 gate jets|turboprops|props Cargo Ramp
1301 B cargo 
1300  18.33939451 -064.96790969  88.17 tie_down jets|turboprops|props|helos ExecuJet Flight Services
1301 B general_aviation 
1300  18.33918422 -064.96317667   0.00 tie_down jets|turboprops|props|helos ST. Thomas Jet Center
1301 A general_aviation 
1300  18.33490994 -064.97305360  33.34 gate jets|turboprops Terminal 1
1301 C airline 
1300  18.33543758 -064.97311002 177.89 gate jets|turboprops Terminal 1
1301 C airline 
1300  18.33548864 -064.97208401 177.89 gate jets|turboprops Terminal 1
1301 C airline 
1300  18.33338057 -064.97198046 131.46 gate jets|turboprops Terminal 2
1301 A airline 
1300  18.33381924 -064.97242080 131.46 gate jets|turboprops Terminal 2
1301 A airline 
1300  18.33354583 -064.97181007 131.46 gate jets|turboprops Terminal 2
1301 A airline 
18  18.32826650 -064.96283109 1 BCN
19  18.33763388 -064.98099602 1 WS
19  18.33692218 -064.96261500 1 WS
1050 124000 ATIS
1051 118800 CTAF
1051 122950 UNICOM
1053 121900 GND
1054 118100 ST THOMAS TWR
1054 118800 ST THOMAS TWR
1055 128650 SAN JUAN CNTR
1055 118800 ST THOMAS APP
1056 118800 ST THOMAS DEP
1000 East ATC Flow
1001 TIST 010 189 999
1002 TIST 0
1003 TIST 0.0
1101 10 right
1110 10 133000 arrivals|departures jets|turboprops|props|fighters 000000 000000  Rwy 10
1000 West ATC Flow
1001 TIST 190 009 999
1002 TIST 0
1003 TIST 0.0
1101 28 left
1110 28 133000 arrivals|departures jets|turboprops|props|fighters 000000 000000  Rwy 28
99
