I
1130 Generated by WorldEditor 2.0.0r4

1     63 1 0 TISX St Croix - Henry E Rohlsen
1302 city Christiansted
1302 country U.S. Virgin Islands
1302 datum_lat 17.701505556
1302 datum_lon -64.801941667
1302 faa_code 
1302 iata_code STX
1302 icao_code TISX
1302 region_code TI
1302 state (unassigned)
1302 transition_alt 18000
1302 transition_level 18000
100 46.02 1 0 0.00 0 3 0 10  17.70006100 -064.81623300    0   61 3 8 0 0 28  17.70295000 -064.78771700  300   61 2 0 0 1
110 1 0.25 0.0000 lib/airport/pavement/asphalt_3D.pol
111  17.69941898 -064.79286494
111  17.69958989 -064.79098939
111  17.69989315 -064.79102097
113  17.69970597 -064.79289042
110 1 0.25 0.0000 lib/airport/pavement/asphalt_3D.pol
111  17.69941868 -064.79865602
111  17.69922414 -064.79863044
111  17.69921705 -064.79869861
111  17.69890846 -064.79865902
111  17.69886986 -064.79901045
111  17.69877036 -064.79899894
111  17.69882882 -064.79839956
113  17.69943539 -064.79847568
110 2 0.25 84.0000 lib/airport/pavement/concrete_3D.pol
111  17.69964587 -064.79362588
111  17.69962098 -064.79392006
111  17.69947244 -064.79390577
111  17.69946130 -064.79404350
111  17.69931028 -064.79402790
111  17.69935360 -064.79359522
111  17.69942060 -064.79360195
113  17.69949722 -064.79360996
110 1 0.25 0.0000 lib/airport/pavement/asphalt_4D.pol
111  17.69909007 -064.79442478
111  17.69914586 -064.79401978
111  17.69922394 -064.79363097
112  17.69946338 -064.79346258  17.69962326 -064.79347232
111  17.69946338 -064.79346258
111  17.69946366 -064.79342949
111  17.69936974 -064.79342141
111  17.69940153 -064.79302683
111  17.69959627 -064.79303909
111  17.69958107 -064.79324855
111  17.69978878 -064.79325983
112  17.69982319 -064.79339246  17.69983597 -064.79343674
111  17.69982428 -064.79349527
111  17.69989022 -064.79350357
111  17.69987884 -064.79360517
111  17.69973035 -064.79359146
111  17.69972529 -064.79363431
111  17.69964587 -064.79362588
111  17.69949722 -064.79360996
111  17.69942060 -064.79360195
111  17.69942555 -064.79354801
111  17.69934301 -064.79356427
111  17.69926814 -064.79363725
111  17.69919043 -064.79402493
113  17.69913642 -064.79442852
110 2 0.25 84.0000 lib/airport/pavement/concrete_3D.pol
111  17.69963784 -064.79479460
111  17.69904729 -064.79474099
111  17.69909007 -064.79442478
111  17.69913642 -064.79442852
111  17.69913285 -064.79446969
112  17.69913285 -064.79446969  17.69912254 -064.79457797
111  17.69919374 -064.79459328
111  17.69962660 -064.79464370
111  17.69962529 -064.79467934
113  17.69965000 -064.79468144
110 1 0.25 84.0000 lib/airport/pavement/asphalt_3D.pol
111  17.70054690 -064.79106177
111  17.70014437 -064.79100970
111  17.70005910 -064.79100199
111  17.70006380 -064.79096613
111  17.69990338 -064.79095210
111  17.69995017 -064.79051499
111  17.70004004 -064.79052643
111  17.70018431 -064.78926327
111  17.70041789 -064.78928693
111  17.70031521 -064.79028442
114  17.70031521 -064.79028442  17.70028313 -064.79066837
110 2 0.25 84.0000 lib/airport/pavement/concrete_3D.pol
111  17.70063826 -064.79338274
111  17.70055322 -064.79337080
111  17.69991332 -064.79329735
111  17.69995220 -064.79293383
111  17.69973967 -064.79290707
111  17.69978459 -064.79241230
111  17.69999352 -064.79243817
111  17.70002279 -064.79217466
111  17.69980717 -064.79214233
111  17.69989844 -064.79105037
111  17.70013675 -064.79107538
111  17.70014437 -064.79100970
111  17.70054690 -064.79106177
111  17.70086497 -064.79110292
111  17.70082417 -064.79153837
113  17.70068383 -064.79293428
110 1 0.25 354.0000 lib/airport/pavement/asphalt_3D.pol
112  17.69973214 -064.79480268  17.69974550 -064.79470445
111  17.69973214 -064.79480268
111  17.69963784 -064.79479460
111  17.69965000 -064.79468144
111  17.69967810 -064.79468654
111  17.69968850 -064.79458714
111  17.69981481 -064.79459551
111  17.69982155 -064.79451446
111  17.69984936 -064.79451895
111  17.69983609 -064.79468169
111  17.69976764 -064.79538057
111  17.69876873 -064.79527055
111  17.69871803 -064.79583102
111  17.69863181 -064.79582691
111  17.69872758 -064.79479457
113  17.69965204 -064.79492305
110 2 0.25 84.0000 lib/airport/pavement/concrete_1D.pol
111  17.70055322 -064.79337080
111  17.70041617 -064.79474058
111  17.69983609 -064.79468169
111  17.69984936 -064.79451895
111  17.69982155 -064.79451446
111  17.69985791 -064.79408786
111  17.69990112 -064.79409415
111  17.69990953 -064.79401646
111  17.69968808 -064.79398772
111  17.69972529 -064.79363431
111  17.69987331 -064.79365452
111  17.69987884 -064.79360517
111  17.69989022 -064.79350357
113  17.69991332 -064.79329735
110 1 0.25 84.0000 lib/airport/pavement/asphalt_1D.pol
111  17.70085429 -064.79507281
111  17.70077988 -064.79579002
111  17.70031471 -064.79574066
113  17.70039088 -064.79501880
110 2 0.25 84.0000 lib/airport/pavement/concrete_2D.pol
111  17.70031471 -064.79574066
111  17.70024948 -064.79573373
111  17.69973887 -064.79567251
111  17.69971322 -064.79594570
111  17.69955903 -064.79593023
111  17.69953434 -064.79618823
111  17.69869446 -064.79609163
111  17.69871803 -064.79583102
111  17.69876873 -064.79527055
111  17.69976764 -064.79538057
111  17.69983609 -064.79468169
111  17.70041617 -064.79474058
113  17.70039088 -064.79501880
110 2 0.25 0.0000 lib/airport/pavement/concrete_5D.pol
111  17.70004442 -064.79922750
111  17.69979364 -064.79920402
111  17.69939441 -064.79914862
111  17.69940564 -064.79899657
111  17.69928783 -064.79897844
111  17.69927482 -064.79910170
111  17.69908760 -064.79907792
111  17.69911951 -064.79874390
111  17.69930545 -064.79876073
111  17.69929619 -064.79886474
111  17.69941991 -064.79887899
111  17.69947217 -064.79832450
111  17.69933171 -064.79830596
111  17.69953434 -064.79618823
111  17.69955903 -064.79593023
111  17.69971322 -064.79594570
111  17.69973887 -064.79567251
111  17.70024948 -064.79573373
111  17.70004643 -064.79785960
113  17.70017792 -064.79787854
110 2 0.25 84.0000 lib/airport/pavement/concrete_2D.pol
111  17.69946683 -064.79951454
111  17.69944972 -064.79974232
111  17.69939204 -064.79973815
111  17.69937485 -064.79993890
111  17.69906256 -064.79990971
113  17.69909678 -064.79948311
110 1 0.25 84.0000 lib/airport/pavement/asphalt_4D.pol
111  17.69979364 -064.79920402
111  17.69975038 -064.79971126
111  17.69976565 -064.79977274
111  17.69975539 -064.79997481
111  17.69971622 -064.80004026
111  17.69950713 -064.80058029
112  17.69924010 -064.80103588  17.69910889 -064.80113983
111  17.69924010 -064.80103588
112  17.69924010 -064.80103588  17.69921039 -064.80105797
111  17.69916095 -064.80106507
111  17.69912673 -064.80106731
111  17.69910962 -064.80117060
111  17.69891283 -064.80113916
111  17.69895324 -064.80085438
111  17.69912459 -064.80087871
111  17.69912031 -064.80093035
112  17.69925935 -064.80090790  17.69934476 -064.80081305
111  17.69925935 -064.80090790
112  17.69942619 -064.80056887  17.69946828 -064.80041944
111  17.69942619 -064.80056887
112  17.69938983 -064.80049477  17.69933908 -064.80048178
111  17.69938983 -064.80049477
111  17.69920812 -064.80047894
111  17.69920160 -064.80054192
111  17.69894491 -064.80053519
111  17.69896630 -064.80026575
111  17.69866156 -064.80023906
111  17.69874599 -064.79944269
111  17.69887136 -064.79945336
111  17.69890855 -064.79908121
113  17.69939441 -064.79914862
111  17.69939624 -064.79993890
111  17.69921443 -064.80040662
111  17.69943261 -064.80043510
112  17.69949678 -064.80037224  17.69952401 -064.80031376
111  17.69949678 -064.80037224
111  17.69965934 -064.80000401
112  17.69958875 -064.79994115  17.69949076 -064.79993898
113  17.69958875 -064.79994115
111  17.69972137 -064.79931696
111  17.69949036 -064.79929451
111  17.69946255 -064.79975030
111  17.69962187 -064.79977206
112  17.69969334 -064.79970539  17.69970056 -064.79964584
113  17.69969334 -064.79970539
111  17.69909678 -064.79948311
111  17.69906256 -064.79990971
111  17.69937485 -064.79993890
111  17.69939204 -064.79973815
111  17.69944972 -064.79974232
113  17.69946683 -064.79951454
110 1 0.25 354.0000 lib/airport/pavement/asphalt_1D.pol
111  17.70034744 -064.79999488
112  17.70029996 -064.79996228  17.70027274 -064.79995626
111  17.70029996 -064.79996228
111  17.69987298 -064.79992011
112  17.69987298 -064.79992011  17.69980163 -064.79991199
111  17.69975539 -064.79997481
111  17.69976565 -064.79977274
112  17.69981699 -064.79981315  17.69982469 -064.79981315
111  17.69981699 -064.79981315
111  17.70030874 -064.79986510
112  17.70030874 -064.79986510  17.70033166 -064.79986585
113  17.70036023 -064.79985269
110 2 0.25 84.0000 lib/airport/pavement/concrete_1D.pol
111  17.69810568 -064.80884492
111  17.69808083 -064.80882442
111  17.69808196 -064.80878946
111  17.69811836 -064.80840652
111  17.69812628 -064.80833200
111  17.69849328 -064.80836913
113  17.69844392 -064.80888134
110 1 0.25 84.0000 lib/airport/pavement/asphalt_2D.pol
111  17.69901956 -064.80900374
111  17.69890452 -064.81025056
111  17.69853864 -064.81021914
111  17.69833982 -064.81020206
111  17.69834495 -064.81011584
111  17.69804207 -064.81008621
111  17.69810881 -064.80945035
111  17.69838602 -064.80948269
113  17.69843648 -064.80894304
110 1 0.25 174.0000 A
111  17.69991999 -064.81561276
111  17.69985719 -064.81619289 102
111  17.69978150 -064.81618405 102
111  17.69937677 -064.81614448 102
111  17.69891012 -064.81609886
111  17.69903543 -064.81487439 102
111  17.69905585 -064.81560001
112  17.69905585 -064.81560001  17.69907866 -064.81578811 102
111  17.69926834 -064.81583443 102
111  17.69940491 -064.81584904 102
111  17.69962194 -064.81587225
114  17.69962194 -064.81587225  17.69985326 -064.81587225 102
110 1 0.25 174.0000 A
111  17.70269574 -064.78818789 102
112  17.70244824 -064.78789335  17.70226938 -064.78784851
111  17.70244824 -064.78789335 102
111  17.70230370 -064.78787607 102
111  17.70215337 -064.78785810
112  17.70215337 -064.78785810  17.70206631 -064.78784735 102
111  17.70188516 -064.78788881
111  17.70179296 -064.78765942 102
112  17.70214496 -064.78758884  17.70234128 -064.78760856
111  17.70214496 -064.78758884 102
111  17.70232518 -064.78761349 102
113  17.70274854 -064.78767139
110 1 0.25 84.0000 A
111  17.70179296 -064.78765942
111  17.70188516 -064.78788881 102
112  17.70175589 -064.78816162  17.70172346 -064.78833185
111  17.70175589 -064.78816162 102
111  17.70162515 -064.78919342 102
111  17.70131650 -064.79220672
111  17.70108951 -064.79444257 102
111  17.70087432 -064.79663523
111  17.70082706 -064.79725785 102
111  17.70078080 -064.79761946
111  17.70068444 -064.79860898 102
111  17.69971674 -064.80807525
111  17.69959664 -064.80932091 102
111  17.69930784 -064.81219593 102
111  17.69929566 -064.81231563 102
111  17.69924945 -064.81277006 102
111  17.69903543 -064.81487439
111  17.69891012 -064.81609886 102
111  17.69870004 -064.81607194 102
111  17.69903981 -064.81274984 102
111  17.69941469 -064.80907620
111  17.69942854 -064.80894045 102
111  17.69964345 -064.80683441
111  17.69965600 -064.80670206 102
111  17.70034744 -064.79999488
111  17.70036023 -064.79985269 102
111  17.70052937 -064.79815271 102
112  17.70040672 -064.79802015  17.70028188 -064.79800345 102
111  17.70027521 -064.79812669 102
111  17.70015597 -064.79924162
111  17.70004442 -064.79922750
111  17.70017792 -064.79787854
111  17.70004643 -064.79785960
111  17.70024948 -064.79573373
111  17.70031471 -064.79574066
111  17.70077988 -064.79579002
111  17.70085429 -064.79507281
111  17.70039088 -064.79501880
111  17.70041617 -064.79474058
111  17.70055322 -064.79337080
111  17.70063826 -064.79338274
111  17.70068384 -064.79293428 102
112  17.70086330 -064.79313462  17.70101809 -064.79315389 102
111  17.70108225 -064.79291493 102
111  17.70119825 -064.79163371
111  17.70127052 -064.79091814 102
111  17.70153852 -064.78817296
114  17.70153852 -064.78817296  17.70156071 -064.78773859 102
110 1 0.25 174.0000 B
111  17.70061330 -064.80876464
111  17.70055479 -064.80934379 102
111  17.70006285 -064.80928986 102
111  17.69968362 -064.80924829
112  17.69968362 -064.80924829  17.69963703 -064.80925017 102
111  17.69959664 -064.80932091
111  17.69971674 -064.80807525 102
111  17.69971771 -064.80870852
112  17.69971771 -064.80870852  17.69971771 -064.80896997 102
111  17.69991711 -064.80901420 102
111  17.70008938 -064.80903091 102
111  17.70031310 -064.80905260
114  17.70031310 -064.80905260  17.70051382 -064.80907829 102
110 1 0.25 120.0000 E
111  17.70164664 -064.79853781
111  17.70155230 -064.79949788 102
112  17.70144366 -064.79883230  17.70133958 -064.79858650
111  17.70144366 -064.79883230 102
111  17.70114883 -064.79812844
111  17.70103581 -064.79769577 102
111  17.70087433 -064.79727218
112  17.70087433 -064.79727218  17.70084807 -064.79722033 102
111  17.70082706 -064.79725785
111  17.70087432 -064.79663523 102
112  17.70093043 -064.79691864  17.70097604 -064.79702979
111  17.70093043 -064.79691864 102
111  17.70107141 -064.79727329
111  17.70135959 -064.79801951 102
111  17.70155806 -064.79852456
114  17.70155806 -064.79852456  17.70159714 -064.79861438 102
110 1 0.25 174.0000 F
111  17.70078080 -064.79761946 102
112  17.70083643 -064.79772825  17.70089715 -064.79773757
111  17.70083643 -064.79772825 102
111  17.70096931 -064.79774788
112  17.70096931 -064.79774788  17.70102263 -064.79775721 102
111  17.70103581 -064.79769577
111  17.70114883 -064.79812844 102
112  17.70094953 -064.79800288  17.70081772 -064.79798734
111  17.70094953 -064.79800288
112  17.70094953 -064.79800288  17.70076145 -064.79798267 102
111  17.70075713 -064.79817381 102
113  17.70068444 -064.79860898
110 1 0.25 50.0000 F
111  17.70135959 -064.79801951
111  17.70107141 -064.79727329 102
112  17.70137103 -064.79736766  17.70157542 -064.79729829
111  17.70137103 -064.79736766
112  17.70137103 -064.79736766  17.70141509 -064.79735610 102
111  17.70148453 -064.79723979 102
111  17.70178900 -064.79675733 102
111  17.70183959 -064.79664560
111  17.70177146 -064.79729211 102
112  17.70166124 -064.79731379  17.70158649 -064.79739070
111  17.70166124 -064.79731379 102
111  17.70135664 -064.79777982
114  17.70135664 -064.79777982  17.70131579 -064.79787337 102
110 1 0.25 174.0000 G
111  17.70219975 -064.79310155
111  17.70211382 -064.79394740 102
112  17.70173904 -064.79348676  17.70142096 -064.79344223
111  17.70173904 -064.79348676 102
111  17.70152396 -064.79345702
112  17.70152396 -064.79345702  17.70125706 -064.79343787 102
111  17.70121724 -064.79366580 102
111  17.70108951 -064.79444257
111  17.70131650 -064.79220672 102
111  17.70129367 -064.79289095 102
112  17.70155435 -064.79320904  17.70183193 -064.79325784
111  17.70155435 -064.79320904 102
111  17.70176566 -064.79323121 102
111  17.70197586 -064.79325327
114  17.70197586 -064.79325327  17.70210308 -064.79326455 102
110 1 0.25 174.0000 H
111  17.70119825 -064.79163371 102
112  17.70101386 -064.79137758  17.70081019 -064.79136028
111  17.70101386 -064.79137758
112  17.70101386 -064.79137758  17.70086177 -064.79136894 102
111  17.70082417 -064.79153837
111  17.70086497 -064.79110292 102
111  17.70102857 -064.79111799
112  17.70102857 -064.79111799  17.70120763 -064.79112647 102
113  17.70127052 -064.79091814
110 1 0.25 174.0000 Pad
111  17.69941469 -064.80907620
112  17.69935511 -064.80903867  17.69931472 -064.80903353
111  17.69935511 -064.80903867
111  17.69906966 -064.80900895
111  17.69901956 -064.80900374
111  17.69843648 -064.80894304
111  17.69808241 -064.80890618
112  17.69800077 -064.80879706  17.69801301 -064.80868961
111  17.69800077 -064.80879706
111  17.69804606 -064.80839910
111  17.69811836 -064.80840652
111  17.69808196 -064.80878946
111  17.69808083 -064.80882442
111  17.69810568 -064.80884492
111  17.69844392 -064.80888134
111  17.69867154 -064.80890257
111  17.69873671 -064.80890870
111  17.69907579 -064.80894079
111  17.69935927 -064.80896763
112  17.69935927 -064.80896763  17.69938864 -064.80897148
113  17.69942854 -064.80894045
110 1 0.25 174.0000 Pad
111  17.69965600 -064.80670206
111  17.69964345 -064.80683441
112  17.69957663 -064.80679002  17.69952008 -064.80677589
111  17.69957663 -064.80679002
111  17.69937268 -064.80676760
111  17.69927575 -064.80675694
111  17.69922190 -064.80675102
111  17.69865433 -064.80668861
111  17.69861490 -064.80708789
111  17.69808058 -064.80702333
111  17.69812845 -064.80646126
111  17.69867276 -064.80652795
111  17.69866359 -064.80662068
111  17.69922932 -064.80668863
111  17.69928973 -064.80669589
111  17.69938010 -064.80670674
111  17.69957827 -064.80673054
114  17.69957827 -064.80673054  17.69964155 -064.80673478
110 5 0.00 0.0000 Pad
111  17.69886003 -064.81029097
111  17.69884042 -064.81040698
111  17.69852135 -064.81028349
111  17.69850174 -064.81031529
111  17.69866039 -064.81039388
112  17.69866039 -064.81039388  17.69860592 -064.81045365
111  17.69840727 -064.81042943
111  17.69796922 -064.81032907
111  17.69798660 -064.81024477
111  17.69828651 -064.81030594
111  17.69833982 -064.81020206
113  17.69853864 -064.81021914
110 4 0.00 0.0000 Road
111  17.69924010 -064.80103588
111  17.69917530 -064.80130521
111  17.69918032 -064.80166545
111  17.69955939 -064.80295125
111  17.69974728 -064.80338450
112  17.69974728 -064.80338450  17.69989701 -064.80365393
111  17.69975652 -064.80395030
111  17.69959371 -064.80426246
112  17.69959371 -064.80426246  17.69944586 -064.80457931
111  17.69937501 -064.80503842
111  17.69936024 -064.80553110
111  17.69931589 -064.80607428
111  17.69927892 -064.80647002
111  17.69928973 -064.80669589
111  17.69922932 -064.80668863
111  17.69922091 -064.80646721
111  17.69927437 -064.80606923
111  17.69931219 -064.80553154
111  17.69932697 -064.80503449
112  17.69954875 -064.80426241  17.69969026 -064.80396497
111  17.69954875 -064.80426241
111  17.69970398 -064.80396755
112  17.69971565 -064.80340445  17.69957020 -064.80312604
111  17.69971565 -064.80340445
111  17.69951917 -064.80296828
111  17.69914283 -064.80167784
111  17.69913948 -064.80130674
111  17.69918567 -064.80109586
112  17.69918567 -064.80109586  17.69918667 -064.80107288
113  17.69916095 -064.80106507
110 4 0.00 0.0000 Road
111  17.69873671 -064.80890870
111  17.69867154 -064.80890257
111  17.69882244 -064.80834757
111  17.69895306 -064.80796391
111  17.69905311 -064.80763132
111  17.69914687 -064.80733584
111  17.69919385 -064.80712269
111  17.69922190 -064.80675102
111  17.69927984 -064.80675686
111  17.69924968 -064.80712681
111  17.69920508 -064.80735591
111  17.69911300 -064.80766844
111  17.69901033 -064.80799355
113  17.69888455 -064.80836267
110 15 0.00 0.0000 WS Circle
111  17.70098998 -064.79974239 106
112  17.70086719 -064.79959299  17.70087628 -064.79946210 106
111  17.70100488 -064.79946148 106
114  17.70112345 -064.79961290  17.70111826 -064.79974652 106
130 Airport Boundary
111  17.69776041 -064.82094379
111  17.69859888 -064.81084487
111  17.69721188 -064.81060176
111  17.69852866 -064.79482853
111  17.69903827 -064.79405192
111  17.69923196 -064.79348370
111  17.69931777 -064.79284539
111  17.69952903 -064.79093267
111  17.69969849 -064.79095643
111  17.69992987 -064.78861767
111  17.70221301 -064.78603135
111  17.70392187 -064.78610531
111  17.70320932 -064.79419297
111  17.70491645 -064.79440174
111  17.70451951 -064.79926502
111  17.70276929 -064.79909504
113  17.70078294 -064.82122352
120 RH
111  17.69937677 -064.81614448 54
111  17.69938799 -064.81602668 54
111  17.69940491 -064.81584904
111  17.70006285 -064.80928986 54
111  17.70007699 -064.80915186 54
111  17.70008938 -064.80903091
111  17.70115067 -064.79812341 54
111  17.70128048 -064.79805885 54
111  17.70135959 -064.79801951
111  17.70135664 -064.79777982 54
111  17.70131412 -064.79767100 54
111  17.70128477 -064.79759588 54
111  17.70120073 -064.79738079
111  17.70173904 -064.79348676 54
111  17.70175240 -064.79335855 54
111  17.70176566 -064.79323121
111  17.70230370 -064.78787607 54
111  17.70231570 -064.78772939 54
115  17.70232518 -064.78761349
120 RH
111  17.69924945 -064.81277006 56
115  17.69903981 -064.81274984
120 TH
111  17.70031702 -064.79804732 55
111  17.70078239 -064.79338954 55
111  17.70080776 -064.79313174
111  17.70101386 -064.79137758 55
115  17.70102857 -064.79111799
120 TH
111  17.69906966 -064.80900895 55
115  17.69907579 -064.80894079
120 TH
111  17.69937268 -064.80676760 55
115  17.69938010 -064.80670674
120 TH
111  17.70005945 -064.79993681 55
115  17.70006702 -064.79984106
120 TL
111  17.70102117 -064.79121566 51
111  17.70068270 -064.79118372
112  17.70068270 -064.79118372  17.70047029 -064.79118372 51
111  17.70039270 -064.79147756 51
115  17.70025967 -064.79289471
120 TL
111  17.69964981 -064.80676594 51
115  17.69929404 -064.80673137
120 TL
111  17.69942681 -064.80901306 51
115  17.69817833 -064.80889290
120 TL
111  17.70087914 -064.79324850 51
111  17.70078945 -064.79323923 51
111  17.70048642 -064.79320791
112  17.70048642 -064.79320791  17.70025754 -064.79315403 51
115  17.70025967 -064.79289471
120 TL
111  17.70109937 -064.79358089 51
112  17.70087914 -064.79324850  17.70066663 -064.79318241
111  17.70087914 -064.79324850
112  17.70087914 -064.79324850  17.70111002 -064.79323473 51
115  17.70116617 -064.79293816
120 TL
111  17.70158880 -064.79887200 51
111  17.70128048 -064.79805885
111  17.70127730 -064.79805106
111  17.70118071 -064.79781394 51
111  17.70105713 -064.79749707 51
115  17.70077708 -064.79673094
120 TL
111  17.70068204 -064.79525095 51
115  17.69886184 -064.79502900
120 TL
111  17.70089914 -064.79553796 51
112  17.70068204 -064.79525095  17.70046953 -064.79518486
111  17.70068204 -064.79525095
112  17.70068204 -064.79525095  17.70091291 -064.79523718 51
115  17.70095155 -064.79502568
120 TL
111  17.70179255 -064.79692367 51
111  17.70141512 -064.79751298 51
111  17.70131412 -064.79767100
111  17.70124369 -064.79775490
112  17.70124369 -064.79775490  17.70114628 -064.79786777
115  17.70100507 -064.79785548
120 TL
111  17.69988709 -064.81598471 51
112  17.69965112 -064.81605063  17.69950960 -064.81604058
111  17.69965112 -064.81605063 51
111  17.69938799 -064.81602668
111  17.69921027 -064.81601351
112  17.69896944 -064.81587967  17.69889125 -064.81578904
111  17.69896944 -064.81587967
112  17.69896944 -064.81587967  17.69884401 -064.81572577 51
111  17.69887187 -064.81552770 51
111  17.69913856 -064.81277449
111  17.69914113 -064.81274958 51
111  17.69955960 -064.80870229 51
111  17.70066658 -064.79781486 51
111  17.70077708 -064.79673094 51
111  17.70089914 -064.79553796 51
111  17.70095155 -064.79502568 51
111  17.70108907 -064.79368160 51
111  17.70109937 -064.79358089 51
111  17.70116617 -064.79293816 51
115  17.70165770 -064.78812394
120 TL
111  17.70033271 -064.80917624 51
111  17.70007699 -064.80915186
111  17.69990057 -064.80913422
112  17.69969839 -064.80904160  17.69960065 -064.80894678 51
115  17.69955960 -064.80870229
120 TL
111  17.70141512 -064.79751298 51
112  17.70128477 -064.79759588  17.70121593 -064.79761736
111  17.70128477 -064.79759588
111  17.70128477 -064.79759588
112  17.70128477 -064.79759588  17.70116621 -064.79762523
115  17.70105713 -064.79749707
120 TL
111  17.70127730 -064.79805106
116  17.70100507 -064.79785548  17.70078306 -064.79778940
120 TL
111  17.70144753 -064.79332240
111  17.70137081 -064.79328508
112  17.70137081 -064.79328508  17.70117951 -064.79317236 51
115  17.70116617 -064.79293816
120 TL
111  17.70185261 -064.79336933 51
111  17.70175240 -064.79335855
111  17.70144753 -064.79332240
111  17.70136335 -064.79333964
112  17.70136335 -064.79333964  17.70117242 -064.79341030 51
115  17.70108907 -064.79368160
120 TL
111  17.70241083 -064.78773961 51
111  17.70231570 -064.78772939
111  17.70206224 -064.78769838
112  17.70191970 -064.78772039  17.70186925 -064.78775232
111  17.70191970 -064.78772039
112  17.70191970 -064.78772039  17.70169409 -064.78788016 51
115  17.70165770 -064.78812394
120 TL
111  17.70086419 -064.80820347 51
111  17.70080618 -064.80877610 51
116  17.70033271 -064.80917624  17.69993176 -064.80914074
120 TL
111  17.70168216 -064.80013977 51
111  17.70174017 -064.79956714 51
116  17.70158880 -064.79887200  17.70143587 -064.79846831
120 TL
111  17.70213598 -064.79564632 51
111  17.70207797 -064.79621895 51
116  17.70179255 -064.79692367  17.70155762 -064.79725679
120 TL
111  17.70224181 -064.79461602 51
111  17.70229982 -064.79404340 51
112  17.70214005 -064.79355376  17.70198564 -064.79338502 51
115  17.70185261 -064.79336933
120 TL
111  17.70066658 -064.79781486 51
115  17.70100507 -064.79785548
120 TL
111  17.70281474 -064.78895587 51
111  17.70287275 -064.78838325 51
112  17.70273289 -064.78792809  17.70259083 -064.78776738 51
115  17.70241083 -064.78773961
120 TB
111  17.70053388 -064.79813266 59
111  17.70099022 -064.79362291
112  17.70099022 -064.79362291  17.70101238 -064.79339291 59
115  17.70078239 -064.79338954
120 TB
111  17.69872129 -064.79575603 53
111  17.69879884 -064.79491449 53
111  17.69961423 -064.79502181 53
112  17.69982818 -064.79483410  17.69986209 -064.79466599
111  17.69982818 -064.79483410 53
115  17.69985848 -064.79451967
120 Road Markings
111  17.70072000 -064.79391297 22
115  17.70025573 -064.79386458
120 Road Markings
111  17.70042390 -064.79544670 20
111  17.70009261 -064.79541030
111  17.69992760 -064.79539192 20
115  17.69892307 -064.79527359
120 Road Markings
111  17.70001538 -064.79537121 22
111  17.70017981 -064.79375671 22
116  17.70010174 -064.79358924  17.69999955 -064.79355257
120 Road Markings
111  17.69992760 -064.79539192 20
112  17.69998875 -064.79533061  17.69999361 -064.79528305
111  17.69998875 -064.79533061 20
111  17.70015154 -064.79373000 20
112  17.70006409 -064.79361714  17.69996655 -064.79360657
111  17.70006409 -064.79361714 20
111  17.70000549 -064.79361046
111  17.70001098 -064.79354811 20
111  17.70007668 -064.79355542
112  17.70007668 -064.79355542  17.70020698 -064.79356911 20
111  17.70021278 -064.79372363 20
111  17.70020770 -064.79377271 20
112  17.70027229 -064.79383314  17.70032308 -064.79383936
111  17.70027229 -064.79383314 20
111  17.70073023 -064.79387918
111  17.70072206 -064.79394478 20
111  17.70026538 -064.79389547
112  17.70026538 -064.79389547  17.70021375 -064.79389280 20
111  17.70018873 -064.79396178 20
111  17.70004887 -064.79533542
112  17.70004887 -064.79533542  17.70004455 -064.79538185 20
113  17.70009261 -064.79541030
120 Road Markings
111  17.69874348 -064.79579251 22
115  17.69882936 -064.79493728
120 Road Markings
111  17.69956615 -064.79794702 22
111  17.69993315 -064.79797797 22
112  17.70006928 -064.79793201  17.70012661 -064.79788258
111  17.70006928 -064.79793201 22
111  17.70024917 -064.79780418 22
112  17.70029463 -064.79768389  17.70029845 -064.79759039
111  17.70029463 -064.79768389 22
111  17.70050735 -064.79563840 22
112  17.70037078 -064.79546702  17.70021657 -064.79544575
111  17.70037078 -064.79546702 22
115  17.69891463 -064.79530663
120 Road Markings
111  17.69955820 -064.79796910 20
111  17.69992456 -064.79801097 20
112  17.70009903 -064.79795067  17.70019765 -064.79787104
111  17.70009903 -064.79795067 20
111  17.70027387 -064.79781592 20
112  17.70032424 -064.79771031  17.70033568 -064.79763287
111  17.70032424 -064.79771031 20
111  17.70053895 -064.79563678 20
112  17.70042390 -064.79544670  17.70028517 -064.79538318
111  17.70042390 -064.79544670
111  17.69892307 -064.79527359
112  17.69892307 -064.79527359  17.69882396 -064.79526478 20
111  17.69883154 -064.79514744 20
111  17.69885529 -064.79493070
111  17.69880754 -064.79492163 20
111  17.69872478 -064.79579360
111  17.69876472 -064.79579731 20
111  17.69879697 -064.79544214 20
112  17.69891529 -064.79534040  17.69900790 -064.79535018
111  17.69891529 -064.79534040 20
111  17.70037797 -064.79549267
112  17.70037797 -064.79549267  17.70048019 -064.79552110 20
111  17.70047639 -064.79562625 20
111  17.70026655 -064.79771739
112  17.70026655 -064.79771739  17.70026313 -064.79775048 20
111  17.70023893 -064.79776772 20
111  17.70005124 -064.79791107
112  17.70005124 -064.79791107  17.69999032 -064.79796188 20
111  17.69993614 -064.79795133 20
115  17.69956313 -064.79791489
120 lib/airport/lines/57_taxi_hold_b.lin
111  17.69938799 -064.81602668 61
111  17.69921027 -064.81601351 61
116  17.69896944 -064.81587967  17.69888074 -064.81578547
120 lib/airport/lines/57_taxi_hold_b.lin
111  17.70007699 -064.80915186 61
111  17.69990057 -064.80913422 61
116  17.69969839 -064.80904160  17.69960534 -064.80894849
120 lib/airport/lines/57_taxi_hold_b.lin
111  17.70128477 -064.79759588 61
116  17.70105713 -064.79749707  17.70093104 -064.79736167
120 lib/airport/lines/57_taxi_hold_b.lin
111  17.70127730 -064.79805106 61
112  17.70100507 -064.79785548  17.70078984 -064.79779538
111  17.70100507 -064.79785548
112  17.70100507 -064.79785548  17.70116812 -064.79785852 61
111  17.70124369 -064.79775490 61
115  17.70131412 -064.79767100
120 lib/airport/lines/57_taxi_hold_b.lin
111  17.70128048 -064.79805885 61
111  17.70127730 -064.79805106 61
115  17.70118071 -064.79781394
120 lib/airport/lines/57_taxi_hold_b.lin
111  17.70144753 -064.79332240 61
115  17.70136335 -064.79333964
120 lib/airport/lines/57_taxi_hold_b.lin
111  17.70137081 -064.79328508 61
111  17.70144753 -064.79332240 61
115  17.70175240 -064.79335855
120 lib/airport/lines/57_taxi_hold_b.lin
111  17.70231570 -064.78772939 61
111  17.70206224 -064.78769838
112  17.70206224 -064.78769838  17.70196540 -064.78768971 61
115  17.70191970 -064.78772039
21  17.70078705 -064.81354039 2 83.9300 3.00 10  PAPI-4L
21  17.70192956 -064.79304825 2 263.9300 3.00 28  PAPI-4L
20  17.69990470 -064.81329580 263.9000 0 4 {@B}1{@@,@B}9
20  17.70078915 -064.81339250 263.9000 0 4 {@B}1{@@,@B}9
20  17.70020718 -064.81045257 263.9000 0 4 {@B}2{@@,@B}8
20  17.70107355 -064.81053665 263.9000 0 4 {@B}2{@@,@B}8
20  17.70049400 -064.80759184 263.9000 0 4 {@B}3{@@,@B}7
20  17.70137301 -064.80769351 263.9000 0 4 {@B}3{@@,@B}7
20  17.70078485 -064.80472690 263.9000 0 4 {@B}4{@@,@B}6
20  17.70166433 -064.80482465 263.9000 0 4 {@B}4{@@,@B}6
20  17.70106715 -064.80189526 263.9000 0 4 {@B}5{@@,@B}5
20  17.70195086 -064.80199722 263.9000 0 4 {@B}5{@@,@B}5
20  17.70135661 -064.79905256 263.9000 0 4 {@B}6{@@,@B}4
20  17.70224350 -064.79916641 263.9000 0 4 {@B}6{@@,@B}4
20  17.70164173 -064.79621208 263.9000 0 4 {@B}7{@@,@B}3
20  17.70251238 -064.79630055 263.9000 0 4 {@B}7{@@,@B}3
20  17.70281666 -064.79346566 263.9000 0 4 {@B}8{@@,@B}2
20  17.70223362 -064.79053784 263.9000 0 4 {@B}9{@@,@B}1
20  17.70310261 -064.79062726 263.9000 0 4 {@B}9{@@,@B}1
20  17.69936225 -064.81629328 354.0000 0 3 {@L}A{@R}10{@@,safety}{@L}A
20  17.69890607 -064.81272664 264.0000 0 3 {@R}ILS{@@,critical}
20  17.70099052 -064.79658622 264.0000 0 3 {@L}A{@Y}E{^ru}
20  17.70005371 -064.80938523 354.0000 0 3 {@L}B{@R}10-28{@@,safety}{@L}B
20  17.70106401 -064.79817976 299.0600 0 3 {@L}E{@R}10-28{@@,safety}{@L}E
20  17.70145187 -064.79796067 117.5300 0 3 {@L}E{@Y}D{^r}
20  17.70116000 -064.79718338 297.2600 0 3 {@L}E{@Y}F{^r}
20  17.70147068 -064.79782496 46.9900 0 3 {@L}F{@R}10-28{@@,safety}{@L}F
20  17.70171488 -064.79360777 354.0000 0 3 {@L}G{@R}10-28{@@,safety}{@L}G
20  17.70101636 -064.79148696 354.0000 0 3 {@Y,^l}A{^r}
20  17.70088056 -064.79289210 354.0000 0 3 {@Y,^l}A{^r}
20  17.70153694 -064.79306859 174.0000 0 3 {@L}G{@Y,^l}A{^r}
20  17.70228323 -064.78798837 354.0000 0 3 {@L}H{@R}28{@@,safety}{@L}H
20  17.69988258 -064.81539553 264.0000 0 3 {@Y,^l}A
20  17.70051076 -064.80870969 264.0000 0 3 {@Y,^l}B
20  17.70084555 -064.79822534 84.0000 0 3 {@Y,^l}D{@L}A
20  17.70209335 -064.79299086 264.0000 0 3 {@Y,^l}G
20  17.70096241 -064.79291768 264.0000 0 3 {@L}A{@Y}G{^r}
20  17.70130596 -064.79371906 84.0000 0 3 {@Y,^l}G{@L}A
20  17.70174051 -064.79654620 264.0000 0 3 {@Y,^lu}F
20  17.70045441 -064.80953510 84.0000 0 2 {@Y}B{^r}
20  17.70142691 -064.79908312 84.0000 0 3 {@Y}E{^ru}
20  17.70198732 -064.79401921 84.0000 0 3 {@Y}G{^r}
20  17.70258342 -064.78829657 84.0000 0 3 {@Y}H{^r}
14  17.69903499 -064.80422172  98.43 0 Tower Viewpoint
1300  17.69896202 -064.79545438  83.25 gate jets|turboprops|props Air Carrier Terminal
1301 B airline 
1300  17.69981910 -064.79576355 -95.59 gate jets|turboprops|props Air Carrier Terminal
1301 C airline 
1300  17.70006012 -064.79594937 -139.12 gate jets|turboprops|props Air Carrier Terminal
1301 C airline 
1300  17.70003173 -064.79663074 174.00 gate jets|turboprops|props Air Carrier Terminal
1301 C airline 
1300  17.69998586 -064.79710255 174.00 gate heavy|jets|turboprops|props Air Carrier Terminal
1301 D airline 
1300  17.69932851 -064.79956960 174.00 tie_down jets|turboprops|props|helos|fighters Bohlke International Airways/FBO
1301 A general_aviation 
1300  17.70043727 -064.79170988 174.00 gate heavy|jets|turboprops|props|helos|fighters Cargo Ramp
1301 C cargo 
1300  17.69879723 -064.81006807  84.40 tie_down jets|turboprops|props|helos Gen Avia Ramp
1301 A general_aviation 
18  17.70394028 -064.79635037 1 BCN
19  17.69947902 -064.81413776 0 WS
19  17.70100156 -064.79960541 1 WS
1050 135650 ATIS
1051 118600 CTAF
1051 123000 UNICOM
1053 121700 GND
1054 118600 ST CROIX TWR
1055 128650 SAN JUAN CNTR
1000 East ATC Flow
1001 TISX 010 189 999
1002 TISX 0
1003 TISX 0.0
1004 1100 0200
1101 10 right
1110 10 133000 arrivals|departures heavy|jets|turboprops|props|fighters 000000 000000  Rwy 10
1000 West ATC Flow
1001 TISX 190 009 999
1002 TISX 0
1003 TISX 0.0
1004 1100 0200
1101 28 left
1110 28 133000 arrivals|departures heavy|jets|turboprops|props|fighters 000000 000000  Rwy 28
1200 
1201  17.69969725 -064.79513032 both 0 5_start
1201  17.69958918 -064.80882409 both 1 4_stop
1201  17.69966121 -064.80899542 both 2 4_stop
1201  17.69977091 -064.80910215 both 3 4_stop
1201  17.69989103 -064.80913771 both 4 4_stop
1201  17.70111280 -064.79783921 both 5 3_stop
1201  17.70123865 -064.79776233 both 6 3_stop
1201  17.70117539 -064.79759054 both 7 3_stop
1201  17.70122245 -064.79797898 both 8 3_stop
1201  17.70113261 -064.79790937 both 9 3_stop
1201  17.70100507 -064.79785548 both 10 3_stop
1201  17.70206247 -064.78770027 both 11 1_stop
1201  17.70199728 -064.78769797 both 12 1_stop
1201  17.70191970 -064.78772039 both 13 1_stop
1201  17.70182077 -064.78780529 both 14 1_stop
1201  17.70176225 -064.78788052 both 15 1_stop
1201  17.70170295 -064.78798495 both 16 1_stop
1201  17.70165770 -064.78812394 both 17 1_stop
1201  17.69914429 -064.81271898 both 18 10/28-ILS_stop
1201  17.69956146 -064.80866890 both 19 unnamed entity(split)
1201  17.70066658 -064.79781486 both 20 unnamed entity(split)
1201  17.70077708 -064.79673094 both 21 unnamed entity(split)
1201  17.70092558 -064.79528176 both 22 unnamed entity(split)
1201  17.70113025 -064.79328677 both 23 unnamed entity(split)
1201  17.69887231 -064.81553303 both 24 10/28-ILS_stop
1201  17.69888771 -064.81568930 both 25 10/28-ILS_stop
1201  17.69892878 -064.81581055 both 26 10/28-ILS_stop
1201  17.69900321 -064.81591293 both 27 10/28-ILS_stop
1201  17.69909562 -064.81597220 both 28 10/28-ILS_stop
1201  17.69936257 -064.81602340 both 29 10/28-6_stop
1201  17.69965518 -064.81605303 both 30 10/28-6_stop
1201  17.70005153 -064.80915471 both 31 10/28-5_stop
1201  17.70034029 -064.80918839 both 32 10/28-5_stop
1201  17.70042799 -064.80918615 both 33 10/28-5_stop
1201  17.70052425 -064.80917043 both 34 10/28-5_stop
1201  17.70062264 -064.80911430 both 35 10/28-5_stop
1201  17.70071462 -064.80903796 both 36 10/28-5_stop
1201  17.70078093 -064.80889651 both 37 10/28-5_stop
1201  17.70126829 -064.79803607 both 38 10/28-4_stop
1201  17.70117911 -064.79780999 both 39 unnamed entity(split)
1201  17.70105713 -064.79749707 both 40 unnamed entity(split)
1201  17.70160403 -064.79889287 both 41 10/28-4_stop
1201  17.70168411 -064.79914829 both 42 10/28-4_stop
1201  17.70172107 -064.79935199 both 43 10/28-4_stop
1201  17.70126920 -064.79759986 both 44 10/28-3_stop
1201  17.70132198 -064.79758113 both 45 10/28-3_stop
1201  17.70129650 -064.79769928 both 46 10/28-3_stop
1201  17.70178932 -064.79692600 both 47 10/28-3_stop
1201  17.70141626 -064.79750943 both 48 unnamed entity(split)
1201  17.70140581 -064.79752410 both 49 unnamed entity(split)
1201  17.70188943 -064.79677242 both 50 10/28-3_stop
1201  17.70197926 -064.79660537 both 51 10/28-3_stop
1201  17.70173225 -064.79335356 both 52 10/28-2_stop
1201  17.70185204 -064.79336479 both 53 10/28-2_stop
1201  17.70193332 -064.79339398 both 54 10/28-2_stop
1201  17.70203813 -064.79345236 both 55 10/28-2_stop
1201  17.70215577 -064.79355115 both 56 10/28-2_stop
1201  17.70223920 -064.79369036 both 57 10/28-2_stop
1201  17.70228198 -064.79384304 both 58 10/28-2_stop
1201  17.70229775 -064.78772770 both 59 10/28-1_stop
1201  17.70241083 -064.78773961 both 60 10/28-1_stop
1201  17.70252344 -064.78777481 both 61 10/28-1_stop
1201  17.70261434 -064.78782357 both 62 10/28-1_stop
1201  17.70271623 -064.78789274 both 63 10/28-1_stop
1201  17.70279645 -064.78800313 both 64 10/28-1_stop
1201  17.70285883 -064.78818276 both 65 10/28-1_stop
1201  17.70291775 -064.78802923 both 66 10/28_stop
1201  17.70008758 -064.81599725 both 67 10/28_start
1201  17.70082157 -064.80873934 both 68 unnamed entity(split)
1201  17.70174879 -064.79960741 both 69 unnamed entity(split)
1201  17.70206808 -064.79640168 both 70 unnamed entity(split)
1201  17.70208450 -064.79619583 both 71 unnamed entity(split)
1201  17.70230337 -064.79405185 both 72 unnamed entity(split)
1201  17.70287844 -064.78839045 both 73 unnamed entity(split)
1201  17.69868038 -064.80906673 both 74 4_stop
1201  17.69867190 -064.80900967 both 75 4_stop
1201  17.69863039 -064.80895522 both 76 4_stop
1201  17.69859791 -064.80893203 both 77 4_stop
1201  17.69843158 -064.80891703 both 78 4_stop
1201  17.69839649 -064.80890066 both 79 4_stop
1201  17.69838350 -064.80887611 both 80 4_stop
1201  17.69837570 -064.80883656 both 81 4_stop
1201  17.69841032 -064.80847614 both 82 4_start
1201  17.69950058 -064.79796965 both 83 4_start
1201  17.70018092 -064.79351959 both 84 3_stop
1201  17.70016442 -064.79354991 both 85 3_stop
1201  17.70013966 -064.79357264 both 86 3_stop
1201  17.70011181 -064.79358347 both 87 3_stop
1201  17.70016545 -064.79365061 both 88 3_stop
1201  17.70014069 -064.79361920 both 89 3_stop
1201  17.70010252 -064.79359538 both 90 3_stop
1201  17.69998228 -064.79476338 both 91 3_stop
1201  17.70002251 -064.79474605 both 92 3_stop
1201  17.70005036 -064.79471140 both 93 3_stop
1201  17.70006996 -064.79467350 both 94 3_stop
1201  17.69997815 -064.79478503 both 95 3_stop
1201  17.70000291 -064.79480885 both 96 3_stop
1201  17.70003179 -064.79484567 both 97 3_stop
1201  17.70004830 -064.79489872 both 98 3_stop
1201  17.70007452 -064.79358774 both 99 3_stop
1201  17.69946668 -064.79350729 both 100 3_stop
1201  17.69939895 -064.79350916 both 101 3_stop
1201  17.69933300 -064.79353535 both 102 3_stop
1201  17.69928130 -064.79358026 both 103 3_stop
1201  17.69924565 -064.79363826 both 104 3_stop
1201  17.69916593 -064.79402208 both 105 3_stop
1201  17.69910186 -064.79448430 both 106 3_stop
1201  17.69910186 -064.79456962 both 107 3_stop
1201  17.69910614 -064.79461902 both 108 3_stop
1201  17.69912539 -064.79466392 both 109 3_stop
1201  17.69915534 -064.79468862 both 110 3_stop
1201  17.69921098 -064.79470049 both 111 3_stop
1201  17.69994252 -064.79477234 both 112 3_start
1201  17.69996778 -064.79540088 both 113 3_stop
1201  17.69999254 -064.79538139 both 114 3_stop
1201  17.70001110 -064.79535323 both 115 3_stop
1201  17.70002451 -064.79534674 both 116 3_stop
1201  17.70004515 -064.79538680 both 117 3_stop
1201  17.70006681 -064.79541820 both 118 3_stop
1201  17.70037226 -064.78935464 both 119 3_stop
1201  17.70028165 -064.79025203 both 120 3_stop
1201  17.70027282 -064.79030737 both 121 3_stop
1201  17.70028160 -064.79045439 both 122 3_stop
1201  17.70029460 -064.79058762 both 123 3_stop
1201  17.70041115 -064.79091199 both 124 3_stop
1201  17.70044467 -064.79103757 both 125 3_stop
1201  17.69843529 -064.80662784 both 126 2_start
1201  17.69872936 -064.79593278 both 127 1_stop
1201  17.69878694 -064.79535148 both 128 1_stop
1201  17.69880604 -064.79532159 both 129 1_stop
1201  17.69882968 -064.79530445 both 130 1_stop
1201  17.69886836 -064.79530008 both 131 1_stop
1201  17.70035605 -064.79546594 both 132 1_stop
1201  17.70009569 -064.79543661 both 133 unnamed entity(split)
1201  17.70000947 -064.79542527 both 134 unnamed entity(split)
1201  17.69993374 -064.79541712 both 135 unnamed entity(split)
1201  17.70002245 -064.79530667 both 136 unnamed entity(split)
1201  17.70003700 -064.79517392 both 137 unnamed entity(split)
1201  17.70005655 -064.79494095 both 138 unnamed entity(split)
1201  17.70008749 -064.79463344 both 139 unnamed entity(split)
1201  17.70018195 -064.79371341 both 140 unnamed entity(split)
1201  17.70017989 -064.79369067 both 141 unnamed entity(split)
1201  17.70020052 -064.79347844 both 142 unnamed entity(split)
1201  17.70040096 -064.79547188 both 143 1_stop
1201  17.70044229 -064.79548857 both 144 1_stop
1201  17.70047617 -064.79552414 both 145 1_stop
1201  17.70050390 -064.79557587 both 146 1_stop
1201  17.70050827 -064.79564053 both 147 1_stop
1201  17.70029335 -064.79769303 both 148 1_stop
1201  17.70028848 -064.79773297 both 149 1_stop
1201  17.70027614 -064.79776999 both 150 1_stop
1201  17.70025048 -064.79780367 both 151 1_stop
1201  17.70004727 -064.79794737 both 152 1_stop
1201  17.69999738 -064.79796841 both 153 1_stop
1201  17.69992988 -064.79797775 both 154 1_stop
1201  17.69979652 -064.79796547 both 155 1_stop
1201  17.69974558 -064.79797425 both 156 1_stop
1201  17.69970534 -064.79801038 both 157 1_stop
1201  17.69968072 -064.79806353 both 158 1_stop
1201  17.69958467 -064.79907478 both 159 1_stop
1201  17.69955314 -064.79916224 both 160 1_stop
1201  17.69950309 -064.79920597 both 161 1_stop
1201  17.69940250 -064.79921156 both 162 1_stop
1201  17.69930582 -064.79924018 both 163 1_stop
1201  17.69926238 -064.79931675 both 164 1_stop
1201  17.69914975 -064.80031947 both 165 1_stop
1201  17.69915153 -064.80039589 both 166 1_stop
1201  17.69917657 -064.80043992 both 167 1_stop
1201  17.69921697 -064.80044879 both 168 1_stop
1201  17.69941297 -064.80046433 both 169 1_stop
1201  17.69945318 -064.80047971 both 170 1_stop
1201  17.69947166 -064.80052626 both 171 1_stop
1201  17.69946652 -064.80058626 both 172 1_stop
1201  17.69927551 -064.80095241 both 173 1_stop
1201  17.69937888 -064.80078534 both 174 unnamed entity(split)
1201  17.69921448 -064.80104103 both 175 1_stop
1201  17.69915438 -064.80131224 both 176 1_stop
1201  17.69916362 -064.80167757 both 177 1_stop
1201  17.69953940 -064.80297001 both 178 1_stop
1201  17.69974577 -064.80341296 both 179 1_stop
1201  17.69978274 -064.80352612 both 180 1_stop
1201  17.69980122 -064.80363604 both 181 1_stop
1201  17.69978890 -064.80377830 both 182 1_stop
1201  17.69975810 -064.80390196 both 183 1_stop
1201  17.69969649 -064.80402806 both 184 1_stop
1201  17.69962873 -064.80415738 both 185 1_stop
1201  17.69954248 -064.80432551 both 186 1_stop
1201  17.69948396 -064.80448070 both 187 1_stop
1201  17.69943468 -064.80464559 both 188 1_stop
1201  17.69939155 -064.80482988 both 189 1_stop
1201  17.69934843 -064.80503680 both 190 1_stop
1201  17.69933611 -064.80553793 both 191 1_stop
1201  17.69928991 -064.80607140 both 192 1_stop
1201  17.69924987 -064.80647230 both 193 1_stop
1201  17.69925125 -064.80669027 both 194 1_stop
1201  17.69924371 -064.80675682 both 195 1_stop
1201  17.69924811 -064.80672514 both 196 unnamed entity(split)
1201  17.69921907 -064.80712863 both 197 1_stop
1201  17.69917594 -064.80735172 both 198 1_stop
1201  17.69908046 -064.80765240 both 199 1_stop
1201  17.69897881 -064.80797813 both 200 1_stop
1201  17.69885561 -064.80835641 both 201 1_stop
1201  17.69870468 -064.80890605 both 202 1_stop
1201  17.69860351 -064.80999920 both 203 1_start
1201  17.69868367 -064.80912845 both 204 unnamed entity(split)
1202 0 137 twoway taxiway_D 5
1202 137 22 twoway taxiway_D 5
1202 1 19 oneway taxiway_D 4
1202 2 1 oneway taxiway_D 4
1202 3 2 oneway taxiway_D 4
1202 4 3 oneway taxiway_D 4
1202 31 4 oneway taxiway_D 4
1202 5 10 twoway taxiway_D 3
1202 39 5 twoway taxiway_D 3
1202 6 39 twoway taxiway_D 3
1202 46 6 twoway taxiway_D 3
1202 7 40 twoway taxiway_D 3
1202 44 7 twoway taxiway_D 3
1202 38 39 twoway taxiway_D 3
1202 39 40 twoway taxiway_D 3
1202 40 21 twoway taxiway_D 3
1202 8 38 twoway taxiway_D 3
1202 9 8 twoway taxiway_D 3
1202 10 9 twoway taxiway_D 3
1202 20 10 twoway taxiway_D 3
1202 52 23 twoway taxiway_D 2
1202 11 59 twoway taxiway_D 1
1202 12 11 twoway taxiway_D 1
1202 13 12 twoway taxiway_D 1
1202 14 13 twoway taxiway_D 1
1202 15 14 twoway taxiway_D 1
1202 16 15 twoway taxiway_D 1
1202 17 16 twoway taxiway_D 1
1202 18 19 twoway taxiway_D 1
1202 19 20 twoway taxiway_D 1
1202 20 21 twoway taxiway_D 1
1202 21 22 twoway taxiway_D 1
1202 22 23 twoway taxiway_D 1
1202 23 17 twoway taxiway_D 1
1202 24 18 twoway taxiway_D 10/28-ILS
1204 ils 10
1202 25 24 twoway taxiway_D 10/28-ILS
1204 ils 10
1202 26 25 twoway taxiway_D 10/28-ILS
1204 ils 10
1202 27 26 twoway taxiway_D 10/28-ILS
1204 ils 10
1202 28 27 twoway taxiway_D 10/28-ILS
1204 ils 10
1202 30 29 twoway taxiway_D 10/28-6
1204 departure 10,28
1204 arrival 10,28
1202 67 30 twoway taxiway_D 10/28-6
1204 departure 10,28
1204 arrival 10,28
1202 32 31 oneway taxiway_D 10/28-5
1204 departure 10,28
1204 arrival 10,28
1202 33 32 oneway taxiway_D 10/28-5
1204 departure 10,28
1204 arrival 10,28
1202 34 33 oneway taxiway_D 10/28-5
1204 departure 10,28
1204 arrival 10,28
1202 35 34 oneway taxiway_D 10/28-5
1204 departure 10,28
1204 arrival 10,28
1202 36 35 oneway taxiway_D 10/28-5
1204 departure 10,28
1204 arrival 10,28
1202 37 36 oneway taxiway_D 10/28-5
1204 departure 10,28
1204 arrival 10,28
1202 68 37 oneway taxiway_D 10/28-5
1204 departure 10,28
1204 arrival 10,28
1202 41 38 oneway taxiway_D 10/28-4
1204 departure 10,28
1204 arrival 10,28
1202 42 41 oneway taxiway_D 10/28-4
1204 departure 10,28
1204 arrival 10,28
1202 43 42 oneway taxiway_D 10/28-4
1204 departure 10,28
1204 arrival 10,28
1202 69 43 oneway taxiway_D 10/28-4
1204 departure 10,28
1204 arrival 10,28
1202 45 44 twoway taxiway_D 10/28-3
1204 departure 10,28
1204 arrival 10,28
1202 49 45 twoway taxiway_D 10/28-3
1204 departure 10,28
1204 arrival 10,28
1202 48 49 twoway taxiway_D 10/28-3
1204 departure 10,28
1204 arrival 10,28
1202 47 48 oneway taxiway_D 10/28-3
1204 departure 10,28
1204 arrival 10,28
1202 48 49 twoway taxiway_D 10/28-3
1204 departure 10,28
1204 arrival 10,28
1202 49 46 twoway taxiway_D 10/28-3
1204 departure 10,28
1204 arrival 10,28
1202 50 47 oneway taxiway_D 10/28-3
1204 departure 10,28
1204 arrival 10,28
1202 51 50 oneway taxiway_D 10/28-3
1204 departure 10,28
1204 arrival 10,28
1202 70 51 oneway taxiway_D 10/28-3
1204 departure 10,28
1204 arrival 10,28
1202 71 70 twoway taxiway_D 10/28-3
1204 departure 10,28
1204 arrival 10,28
1202 53 52 oneway taxiway_D 10/28-2
1204 departure 10,28
1204 arrival 10,28
1202 54 53 oneway taxiway_D 10/28-2
1204 departure 10,28
1204 arrival 10,28
1202 55 54 oneway taxiway_D 10/28-2
1204 departure 10,28
1204 arrival 10,28
1202 56 55 oneway taxiway_D 10/28-2
1204 departure 10,28
1204 arrival 10,28
1202 57 56 oneway taxiway_D 10/28-2
1204 departure 10,28
1204 arrival 10,28
1202 58 57 oneway taxiway_D 10/28-2
1204 departure 10,28
1204 arrival 10,28
1202 72 58 oneway taxiway_D 10/28-2
1204 departure 10,28
1204 arrival 10,28
1202 60 59 twoway taxiway_D 10/28-1
1204 departure 10,28
1204 arrival 10,28
1202 61 60 twoway taxiway_D 10/28-1
1204 departure 10,28
1204 arrival 10,28
1202 62 61 twoway taxiway_D 10/28-1
1204 departure 10,28
1204 arrival 10,28
1202 63 62 twoway taxiway_D 10/28-1
1204 departure 10,28
1204 arrival 10,28
1202 64 63 twoway taxiway_D 10/28-1
1204 departure 10,28
1204 arrival 10,28
1202 65 64 twoway taxiway_D 10/28-1
1204 departure 10,28
1204 arrival 10,28
1202 73 65 twoway taxiway_D 10/28-1
1204 departure 10,28
1204 arrival 10,28
1202 67 68 twoway runway 10/28
1204 departure 10,28
1204 arrival 10,28
1204 ils 10,28
1202 68 69 twoway runway 10/28
1204 departure 10,28
1204 arrival 10,28
1204 ils 10,28
1202 69 70 twoway runway 10/28
1204 departure 10,28
1204 arrival 10,28
1204 ils 10,28
1202 70 71 twoway runway 10/28
1204 departure 10,28
1204 arrival 10,28
1204 ils 10,28
1202 71 72 twoway runway 10/28
1204 departure 10,28
1204 arrival 10,28
1204 ils 10,28
1202 72 73 twoway runway 10/28
1204 departure 10,28
1204 arrival 10,28
1204 ils 10,28
1202 73 66 twoway runway 10/28
1204 departure 10,28
1204 arrival 10,28
1204 ils 10,28
1206 74 204 twoway  4
1206 75 74 twoway  4
1206 76 75 twoway  4
1206 77 76 twoway  4
1206 78 77 twoway  4
1206 79 78 twoway  4
1206 80 79 twoway  4
1206 81 80 twoway  4
1206 82 81 twoway  4
1206 83 155 twoway  4
1206 84 142 oneway  3
1206 85 84 oneway  3
1206 86 85 oneway  3
1206 87 86 oneway  3
1206 99 87 oneway  3
1206 141 140 oneway  3
1206 88 141 oneway  3
1206 89 88 oneway  3
1206 90 89 oneway  3
1206 99 90 oneway  3
1206 91 112 oneway  3
1206 92 91 oneway  3
1206 93 92 oneway  3
1206 94 93 oneway  3
1206 139 94 oneway  3
1206 95 112 oneway  3
1206 96 95 oneway  3
1206 97 96 oneway  3
1206 98 97 oneway  3
1206 138 98 oneway  3
1206 100 99 oneway  3
1206 101 100 oneway  3
1206 102 101 oneway  3
1206 103 102 oneway  3
1206 104 103 oneway  3
1206 105 104 oneway  3
1206 106 105 oneway  3
1206 107 106 oneway  3
1206 108 107 oneway  3
1206 109 108 oneway  3
1206 110 109 oneway  3
1206 111 110 oneway  3
1206 112 111 oneway  3
1206 113 135 twoway  3
1206 114 113 twoway  3
1206 115 114 twoway  3
1206 136 115 twoway  3
1206 116 136 twoway  3
1206 117 116 twoway  3
1206 118 117 twoway  3
1206 133 118 twoway  3
1206 120 119 twoway  3
1206 121 120 twoway  3
1206 122 121 twoway  3
1206 123 122 twoway  3
1206 124 123 twoway  3
1206 125 124 twoway  3
1206 134 136 twoway  3
1206 136 137 twoway  3
1206 137 138 twoway  3
1206 138 139 twoway  3
1206 139 140 twoway  3
1206 140 141 twoway  3
1206 141 142 twoway  3
1206 142 125 twoway  3
1206 126 196 twoway  2
1206 128 127 twoway  1
1206 129 128 twoway  1
1206 130 129 twoway  1
1206 131 130 twoway  1
1206 132 133 twoway  1
1206 133 134 twoway  1
1206 134 135 twoway  1
1206 135 131 twoway  1
1206 143 132 twoway  1
1206 144 143 twoway  1
1206 145 144 twoway  1
1206 146 145 twoway  1
1206 147 146 twoway  1
1206 148 147 twoway  1
1206 149 148 twoway  1
1206 150 149 twoway  1
1206 151 150 twoway  1
1206 152 151 twoway  1
1206 153 152 twoway  1
1206 154 153 twoway  1
1206 155 154 twoway  1
1206 156 155 twoway  1
1206 157 156 twoway  1
1206 158 157 twoway  1
1206 159 158 twoway  1
1206 160 159 twoway  1
1206 161 160 twoway  1
1206 162 161 twoway  1
1206 163 162 twoway  1
1206 164 163 twoway  1
1206 165 164 twoway  1
1206 166 165 twoway  1
1206 167 166 twoway  1
1206 168 167 twoway  1
1206 169 168 twoway  1
1206 170 169 twoway  1
1206 171 170 twoway  1
1206 172 171 twoway  1
1206 173 174 twoway  1
1206 174 172 twoway  1
1206 175 173 twoway  1
1206 176 175 twoway  1
1206 177 176 twoway  1
1206 178 177 twoway  1
1206 179 178 twoway  1
1206 180 179 twoway  1
1206 181 180 twoway  1
1206 182 181 twoway  1
1206 183 182 twoway  1
1206 184 183 twoway  1
1206 185 184 twoway  1
1206 186 185 twoway  1
1206 187 186 twoway  1
1206 188 187 twoway  1
1206 189 188 twoway  1
1206 190 189 twoway  1
1206 191 190 twoway  1
1206 192 191 twoway  1
1206 193 192 twoway  1
1206 194 193 twoway  1
1206 195 196 twoway  1
1206 196 194 twoway  1
1206 197 195 twoway  1
1206 198 197 twoway  1
1206 199 198 twoway  1
1206 200 199 twoway  1
1206 201 200 twoway  1
1206 202 201 twoway  1
1206 203 204 twoway  1
1206 204 202 twoway  1
1400  17.69990151 -64.79435315  354.09 pushback 0 New Service Truck 68
1400  17.69989788 -64.79440002  354.83 pushback 0 New Service Truck 67
1400  17.69971321 -64.79779995  35.13 pushback 0 New Service Truck 66
1400  17.69976150 -64.79708147  351.67 pushback 0 New Service Truck 65
1400  17.69981497 -64.79660810  354.43 pushback 0 New Service Truck 64
1400  17.69985569 -64.79621309  353.33 pushback 0 New Service Truck 63
1400  17.69985878 -64.79607666  35.22 pushback 0 New Service Truck 62
1400  17.69979895 -64.79593265  85.82 pushback 0 New Service Truck 61
1400  17.69898451 -64.79583887  30.58 pushback 0 New Service Truck 60
1400  17.69981041 -64.79735225  338.96 baggage_loader 0 New Service Truck 93
1400  17.69980597 -64.79742674  348.11 baggage_loader 0 New Service Truck 92
1400  17.69992622 -64.79682293  0.00 baggage_loader 0 New Service Truck 91
1400  17.69991698 -64.79685527  0.00 baggage_loader 0 New Service Truck 90
1400  17.69995446 -64.79638421  14.04 baggage_loader 0 New Service Truck 89
1400  17.69995873 -64.79642238  356.63 baggage_loader 0 New Service Truck 88
1400  17.69993093 -64.79582514  78.69 baggage_loader 0 New Service Truck 87
1400  17.69996515 -64.79582963  79.99 baggage_loader 0 New Service Truck 86
1400  17.69963409 -64.79575755  81.87 baggage_loader 0 New Service Truck 85
1400  17.69928056 -64.79571077  83.09 baggage_loader 0 New Service Truck 84
1400  17.70010659 -64.79215714  24.15 baggage_loader 0 New Service Truck 83
1400  17.70013011 -64.79219872  24.44 baggage_loader 0 New Service Truck 82
1400  17.69868630 -64.79597819  58.57 baggage_train 1 New Service Truck 59
1400  17.69869496 -64.79605615  67.69 baggage_train 1 New Service Truck 58
1400  17.69875438 -64.79606914  98.53 baggage_train 3 New Service Truck 57
1400  17.69880142 -64.79601977  125.84 baggage_train 3 New Service Truck 56
1400  17.69943995 -64.79794084  353.66 food 0 New Service Truck 78
1400  17.69943892 -64.79798415  350.22 food 0 New Service Truck 77
1400  17.69843275 -64.80865472  262.61 fuel_props 0 New Service Truck 120
1400  17.69839682 -64.80858489  262.81 fuel_jets 0 New Service Truck 119
1400  17.69949957 -64.79850753  82.57 fuel_liners 0 New Service Truck 76
1400  17.69955090 -64.79849405  82.87 fuel_liners 0 New Service Truck 75
1400  17.69907411 -64.79471830  82.09 fuel_props 0 New Service Truck 74
1400  17.69924689 -64.79473815  174.47 fuel_props 0 New Service Truck 73
1400  17.69944116 -64.79476252  173.66 fuel_jets 0 New Service Truck 72
1400  17.69957784 -64.79477695  173.83 fuel_jets 0 New Service Truck 71
1400  17.69971559 -64.79466451  263.29 fuel_liners 0 New Service Truck 70
1400  17.69979237 -64.79467610  265.03 fuel_liners 0 New Service Truck 69
1400  17.69975225 -64.79467009  265.03 fuel_liners 0 New Service Truck 69
1400  17.69971012 -64.79670870  357.61 crew_car 0 New Service Truck 69
1400  17.69970714 -64.79673792  355.43 crew_car 0 New Service Truck 68
1400  17.69970614 -64.79677132  355.60 crew_car 0 New Service Truck 67
1400  17.69970714 -64.79679950  173.66 crew_car 0 New Service Truck 66
1400  17.69998713 -64.79285889  264.29 crew_car 0 New Service Truck 81
1400  17.69907420 -64.80005803  350.91 crew_car 0 New Service Truck 80
1400  17.69920602 -64.79916174  354.81 crew_car 0 New Service Truck 79
1401  17.69874578 -64.79595552  262.50 baggage_train New Service Truck Destination 55
1401  17.69868350 -64.79565667  262.57 crew_car New Service Truck Destination 123
1401  17.69956557 -64.79327988  87.27 crew_car New Service Truck Destination 122
1401  17.69818960 -64.80995386  264.43 crew_car New Service Truck Destination 121
99
