I
1130 Generated by WorldEditor 2.0.0r4

1    168 1 0 TKPK St. Kitts/Bradshaw Intl
1302 city Basseterre
1302 country Saint Kitts and Nevis
1302 datum_lat 17.311180556
1302 datum_lon -62.718686111
1302 faa_code 
1302 iata_code SKB
1302 icao_code TKPK
1302 region_code TK
1302 state (unassigned)
1302 transition_alt 5000
1302 transition_level 
100 47.00 1 1 0.00 0 3 0 07  17.30542343 -062.72778941   73    0 2 0 0 0 25  17.31695758 -062.70954458   43    0 2 0 0 1
110 2 0.00 0.0000 walkway1
111  17.31100774 -062.71395173
111  17.31062633 -062.71373730
111  17.31063754 -062.71371542
113  17.31101895 -062.71392985
110 2 0.00 0.0000 walkway1
111  17.31082071 -062.71436425
111  17.31042467 -062.71414159
111  17.31043588 -062.71411971
113  17.31083192 -062.71434236
110 1 0.00 0.0000 parking
111  17.31128125 -062.71289961
112  17.31128125 -062.71289961  17.31130621 -062.71305216
111  17.31133173 -062.71318804
112  17.31130788 -062.71332885  17.31128187 -062.71338535
111  17.31124527 -062.71345698
112  17.31125891 -062.71347807  17.31127341 -062.71348566
111  17.31128846 -062.71346931
111  17.31130574 -062.71343661
111  17.31148764 -062.71354068
111  17.31134086 -062.71382829
111  17.31115014 -062.71372639
111  17.31116266 -062.71368098
112  17.31115831 -062.71365315  17.31114437 -062.71364731
111  17.31113266 -062.71366016
111  17.31074225 -062.71454141
111  17.31107708 -062.71475888
112  17.31100556 -062.71482117  17.31096800 -062.71483630
112  17.31093236 -062.71489179  17.31091213 -062.71494829
112  17.31089094 -062.71506129  17.31091598 -062.71510266
111  17.31098534 -062.71511981
111  17.31090712 -062.71523619
112  17.31089094 -062.71513327  17.31086204 -062.71510543
112  17.31085279 -062.71502068  17.31085973 -062.71496862
111  17.31090365 -062.71485360
111  17.31088296 -062.71483911
111  17.31081746 -062.71492790
112  17.31079289 -062.71503753  17.31078827 -062.71508354
112  17.31079289 -062.71519129  17.31077671 -062.71525062
111  17.31070389 -062.71534747
111  17.31067730 -062.71534384
111  17.31072816 -062.71524819
112  17.31068886 -062.71509443  17.31064263 -062.71505206
111  17.31050202 -062.71494198
111  17.31021690 -062.71499041
111  17.31021979 -062.71492382
111  17.31032953 -062.71485622
111  17.31049930 -062.71448313
111  17.31057818 -062.71451971
112  17.31055400 -062.71444871  17.31050776 -062.71443257
111  17.31036612 -062.71438146
111  17.31017969 -062.71477916
111  17.31011496 -062.71489539
111  17.31007450 -062.71488328
112  17.31016119 -062.71467625  17.31018084 -062.71462419
112  17.31022361 -062.71446680  17.31023517 -062.71442321
112  17.31025597 -062.71440142  17.31028140 -062.71440142
112  17.31031033 -062.71438534  17.31031496 -062.71437324
112  17.31029177 -062.71435321  17.31027393 -062.71434737
112  17.31027265 -062.71423621  17.31029577 -062.71415146
111  17.31045175 -062.71357079
111  17.31052935 -062.71360214
111  17.31056287 -062.71352102
111  17.31062066 -062.71353555
112  17.31068193 -062.71348591  17.31070389 -062.71343142
111  17.31071725 -062.71339633
112  17.31082513 -062.71330856  17.31091182 -062.71327930
111  17.31115772 -062.71319938
112  17.31122820 -062.71291452  17.31119233 -062.71267360
113  17.31122820 -062.71291452
111  17.31053781 -062.71432902 20
111  17.31047913 -062.71429915 20
112  17.31046442 -062.71430662  17.31045746 -062.71432000 20
111  17.31046326 -062.71432892 20
111  17.31052112 -062.71435838 20
114  17.31053932 -062.71434865  17.31054667 -062.71433202 20
111  17.31037012 -062.71424492 20
111  17.31080268 -062.71339515 20
111  17.31084926 -062.71341877 20
112  17.31085461 -062.71340818  17.31085678 -062.71340289 20
112  17.31084091 -062.71337419  17.31081495 -062.71335908 20
111  17.31077685 -062.71340539 20
112  17.31034649 -062.71424522  17.31034065 -062.71425484 20
111  17.31034733 -062.71426358 20
112  17.31037821 -062.71428107  17.31038447 -062.71428369 20
112  17.31040635 -062.71426426  17.31041553 -062.71424372
113  17.31040635 -062.71426426 20
112  17.31097659 -062.71348024  17.31098459 -062.71346385 20
111  17.31097346 -062.71345219 20
112  17.31093729 -062.71342851  17.31091921 -062.71341941 20
111  17.31090738 -062.71343288 20
112  17.31088825 -062.71347077  17.31087782 -062.71349335 20
111  17.31088999 -062.71350246 20
112  17.31092894 -062.71352723  17.31095051 -062.71354071 20
113  17.31095746 -062.71352140 20
112  17.31118132 -062.71327553  17.31117050 -062.71326646
112  17.31112940 -062.71326948  17.31110271 -062.71327477
112  17.31097147 -062.71331103  17.31092387 -062.71332160
111  17.31097003 -062.71336768
112  17.31111930 -062.71345379  17.31116401 -062.71347796
111  17.31118997 -062.71344095
112  17.31121377 -062.71338656  17.31123180 -062.71334502
113  17.31121449 -062.71332689
112  17.31127801 -062.71313202  17.31126584 -062.71313141
112  17.31122755 -062.71319049  17.31119510 -062.71322524
112  17.31124558 -062.71327282  17.31125783 -062.71328944
112  17.31127442 -062.71329775  17.31128091 -062.71329775
112  17.31129533 -062.71325168  17.31130182 -062.71321617
113  17.31129389 -062.71318067
111  17.31123782 -062.71353176 20
112  17.31123331 -062.71351288  17.31122179 -062.71350554 20
111  17.31121428 -062.71351550 20
111  17.31117973 -062.71357740 20
112  17.31118173 -062.71360782  17.31119626 -062.71361622 20
113  17.31120477 -062.71359523 20
111  17.31065522 -062.71437200 20
112  17.31068046 -062.71436974  17.31070210 -062.71436445 20
111  17.31070965 -062.71435472 20
111  17.31109502 -062.71357358 20
112  17.31108131 -062.71350862  17.31103877 -062.71348521 20
111  17.31102434 -062.71352524 20
113  17.31106040 -062.71355092 20
110 2 0.00 0.0000 New Taxiway 126
111  17.31037079 -062.71679153
111  17.31044140 -062.71668448
111  17.31043394 -062.71667909
111  17.31046832 -062.71662697
111  17.31047557 -062.71663222
111  17.31049816 -062.71659798
111  17.31052309 -062.71661602
111  17.31049878 -062.71665288
111  17.31048525 -062.71664308
111  17.31045259 -062.71669259
111  17.31047617 -062.71670965
111  17.31048407 -062.71669768
111  17.31049916 -062.71670859
111  17.31048625 -062.71672816
111  17.31046758 -062.71671465
111  17.31044690 -062.71674600
111  17.31044063 -062.71674146
113  17.31039571 -062.71680956
110 2 0.00 0.0000 New Taxiway 125
111  17.31062216 -062.71665703
111  17.31059325 -062.71670296
111  17.31058692 -062.71669859
111  17.31056176 -062.71673856
111  17.31052513 -062.71671326
111  17.31057808 -062.71662914
111  17.31059032 -062.71663759
111  17.31056204 -062.71668252
111  17.31057910 -062.71669430
113  17.31060850 -062.71664760
110 2 0.00 0.0000 New Taxiway 124
111  17.31000914 -062.71743814
111  17.30997662 -062.71741167
112  17.31000323 -062.71740576  17.31001882 -062.71740069
111  17.31002339 -062.71739365
113  17.31003199 -062.71740069
110 2 0.00 0.0000 New Taxiway 123
111  17.31072810 -062.71628204
111  17.31076757 -062.71622199
111  17.31079450 -062.71624141
113  17.31075503 -062.71630146
110 2 0.00 0.0000 New Taxiway 123
111  17.31076432 -062.71616331
111  17.31079300 -062.71611968
111  17.31082939 -062.71614593
113  17.31080071 -062.71618955
110 2 0.00 0.0000 New Taxiway 123
111  17.31076663 -062.71624439
111  17.31080189 -062.71619075
111  17.31082087 -062.71620444
113  17.31078561 -062.71625808
110 2 0.00 0.0000 New Taxiway 123
111  17.31086727 -062.71619938
111  17.31089595 -062.71615575
111  17.31091494 -062.71616944
113  17.31088626 -062.71621307
110 2 0.00 0.0000 New Taxiway 123
111  17.31053307 -062.71649479
111  17.31055169 -062.71646657
111  17.31057067 -062.71648031
113  17.31055206 -062.71650853
110 2 0.00 0.0000 New Taxiway 123
111  17.31051240 -062.71624950
111  17.31053884 -062.71620942
111  17.31055783 -062.71622316
113  17.31053139 -062.71626324
110 2 0.00 0.0000 New Taxiway 123
111  17.31025368 -062.71696423
111  17.31030659 -062.71688401
111  17.31032558 -062.71689775
113  17.31027266 -062.71697797
110 2 0.00 0.0000 New Taxiway 123
111  17.31021233 -062.71704938
111  17.31026246 -062.71696916
111  17.31030709 -062.71699975
113  17.31025696 -062.71707997
110 2 0.00 0.0000 New Taxiway 123
111  17.31020184 -062.71716443
111  17.31024723 -062.71709179
111  17.31026532 -062.71710419
113  17.31021992 -062.71717683
110 2 0.00 0.0000 New Taxiway 99
111  17.31359931 -062.71396828
111  17.31358808 -062.71394679
111  17.31361731 -062.71393004
113  17.31362854 -062.71395153
110 2 0.00 0.0000 New Taxiway 123
111  17.30999885 -062.71745292
111  17.31003189 -062.71740005
111  17.31005297 -062.71741450
113  17.31001993 -062.71746737
110 2 0.00 0.0000 New Taxiway 43
111  17.31209411 -062.71365935
111  17.31190632 -062.71353247
111  17.31201575 -062.71335476
113  17.31220354 -062.71348163
110 2 0.00 0.0000 New Taxiway 34
111  17.31218199 -062.71412595
111  17.31113949 -062.71579058
111  17.31112896 -062.71578334
113  17.31217146 -062.71411871
110 2 0.00 0.0000 New Taxiway 16
111  17.31162871 -062.71416799
111  17.31159044 -062.71414257
111  17.31161956 -062.71409173
113  17.31165765 -062.71411930
110 2 0.00 0.0000 New Taxiway 16
112  17.31136087 -062.71461683  17.31135994 -062.71461664
111  17.31132373 -062.71459259
111  17.31135285 -062.71454175
113  17.31139093 -062.71456932
110 2 0.00 0.0000 New Taxiway 122
111  17.30929189 -062.71870969
111  17.30927218 -062.71874038
111  17.30927958 -062.71874559
111  17.30923924 -062.71880839
111  17.30921245 -062.71878952
113  17.30927250 -062.71869603
110 2 0.00 0.0000 New Taxiway 121
111  17.30935544 -062.71846459
111  17.30938582 -062.71842015
111  17.30940354 -062.71843344
113  17.30937316 -062.71847788
110 2 0.00 0.0000 New Taxiway 121
111  17.30947518 -062.71826493
111  17.30954203 -062.71815860
111  17.30956670 -062.71817561
113  17.30949985 -062.71828194
110 2 0.00 0.0000 New Taxiway 121
111  17.30976807 -062.71790314
111  17.30984193 -062.71778565
111  17.30987647 -062.71780947
113  17.30980260 -062.71792696
110 2 0.00 0.0000 New Taxiway 10
111  17.30895496 -062.71848181
111  17.30861012 -062.71824653
111  17.30858469 -062.71808308
111  17.31024107 -062.71545883
111  17.31039893 -062.71541329
111  17.31074363 -062.71564342
111  17.31077947 -062.71558592
113  17.31079083 -062.71559297
110 2 0.00 0.0000 New Taxiway 130
111  17.30841034 -062.71790501
111  17.30858141 -062.71764713
111  17.30837001 -062.71749328
111  17.30879555 -062.71685180
111  17.30904863 -062.71703600
113  17.30845203 -062.71793535
110 1 0.00 0.0000 New Taxiway 9
111  17.30686953 -062.72511936
112  17.30704094 -062.72212792  17.30704429 -062.72197098
112  17.30713050 -062.72174249  17.30717558 -062.72165532
112  17.30766544 -062.72090121  17.30780276 -062.72067893
112  17.30900493 -062.71877373  17.30907567 -062.71865605
112  17.30892910 -062.71854437  17.30889231 -062.71851634
112  17.30883278 -062.71857940  17.30880870 -062.71860532
112  17.30866785 -062.71882253  17.30863815 -062.71887129
112  17.30858999 -062.71891333  17.30854102 -062.71894864
111  17.30845353 -062.71895284
111  17.30844390 -062.71887802
112  17.30852577 -062.71886372  17.30857875 -062.71885279
112  17.30864858 -062.71875442  17.30868631 -062.71867371
112  17.30877683 -062.71852568  17.30880493 -062.71848014
111  17.30875543 -062.71842478
112  17.30853797 -062.71827485  17.30849222 -062.71823869
112  17.30838948 -062.71811678  17.30834051 -062.71805288
112  17.30838005 -062.71795851  17.30840413 -062.71790134
111  17.30844026 -062.71786098
112  17.30848981 -062.71788977  17.30850988 -062.71790575
112  17.30850105 -062.71794611  17.30849543 -062.71796208
112  17.30846734 -062.71805709  17.30845851 -062.71811174
111  17.30849479 -062.71809468
111  17.31023305 -062.71535533
111  17.31038580 -062.71532513
111  17.31071569 -062.71554038
111  17.31171265 -062.71388940
111  17.31216176 -062.71320115
111  17.31269980 -062.71354510
112  17.31232054 -062.71414774  17.31229780 -062.71418347
111  17.31232876 -062.71422090
112  17.31253955 -062.71436556  17.31260310 -062.71440550
111  17.31266715 -062.71436566
111  17.31356214 -062.71381103
112  17.31357686 -062.71375989  17.31359157 -062.71373677
111  17.31363358 -062.71371467
112  17.31409524 -062.71341846  17.31415881 -062.71338214
111  17.31420042 -062.71333250
111  17.31425244 -062.71323927
111  17.31437727 -062.71326833
111  17.31386196 -062.71406784
111  17.31382985 -062.71398517
112  17.31381179 -062.71396134  17.31380242 -062.71395714
111  17.31378503 -062.71396555
111  17.31369229 -062.71401534
112  17.31368160 -062.71399539  17.31367603 -062.71398615
111  17.31365965 -062.71398692
112  17.31249137 -062.71472919  17.31243743 -062.71476349
111  17.31241143 -062.71479578
112  17.31205429 -062.71536797  17.31202539 -062.71541640
111  17.31202655 -062.71545635
112  17.31226056 -062.71641063  17.31228143 -062.71648966
111  17.31232237 -062.71649050
111  17.31225655 -062.71658971
112  17.31224852 -062.71651909  17.31223969 -062.71649134
112  17.31201324 -062.71556817  17.31199852 -062.71551843
111  17.31194032 -062.71554785
112  17.31097766 -062.71705513  17.31087364 -062.71722221
112  17.31083064 -062.71740382  17.31080428 -062.71754184
112  17.31060014 -062.71893432  17.31058765 -062.71902876
111  17.31067111 -062.71909638
111  17.31023259 -062.71978381
112  17.31032848 -062.71942846  17.31034790 -062.71929335
112  17.31053359 -062.71811164  17.31055786 -062.71795788
112  17.31060785 -062.71752856  17.31061478 -062.71747771
112  17.31053530 -062.71732863  17.31047866 -062.71727052
111  17.31040815 -062.71728950
111  17.30935873 -062.71882339
112  17.30784843 -062.72124799  17.30775356 -062.72141884
112  17.30739922 -062.72196765  17.30735607 -062.72208564
112  17.30733089 -062.72284724  17.30732290 -062.72302925
112  17.30725393 -062.72431285  17.30724815 -062.72440466
113  17.30731236 -062.72443089
110 3 0.00 0.0000 New Taxiway 7
111  17.30600256 -062.72747474
112  17.30613394 -062.72745571  17.30626438 -062.72743119
112  17.30655050 -062.72732676  17.30666288 -062.72727715
112  17.30690980 -062.72698464  17.30706777 -062.72681514
112  17.30741977 -062.72636150  17.30752091 -062.72622934
112  17.30782115 -062.72577793  17.30792517 -062.72562256
112  17.30826383 -062.72532963  17.30836647 -062.72525844
112  17.30856719 -062.72514339  17.30862211 -062.72510329
112  17.30862211 -062.72504401  17.30862711 -062.72503006
112  17.30864542 -062.72497079  17.30865374 -062.72494987
112  17.30868869 -062.72489408  17.30870534 -062.72486444
112  17.30876026 -062.72482434  17.30879688 -062.72479819
112  17.30882684 -062.72478947  17.30885680 -062.72477727
112  17.30892338 -062.72475112  17.30896000 -062.72473717
112  17.30903656 -062.72470928  17.30908317 -062.72469184
112  17.30912478 -062.72465000  17.30914975 -062.72462908
112  17.30914309 -062.72466569  17.30914143 -062.72466918
112  17.30902991 -062.72479122  17.30901160 -062.72481737
112  17.30896166 -062.72486095  17.30894502 -062.72487490
112  17.30890840 -062.72493243  17.30890674 -062.72494987
112  17.30883849 -062.72505273  17.30881519 -062.72508934
111  17.30871105 -062.72515604
112  17.30866112 -062.72513860  17.30864447 -062.72513860
112  17.30861950 -062.72515604  17.30860980 -062.72516766
112  17.30850161 -062.72523449  17.30841977 -062.72527953
112  17.30807843 -062.72551982  17.30791032 -062.72566104
112  17.30752073 -062.72626672  17.30731766 -062.72656310
112  17.30675935 -062.72719120  17.30658596 -062.72738491
112  17.30628470 -062.72744475  17.30614830 -062.72747865
113  17.30596323 -062.72753700
110 3 0.00 0.0000 New Taxiway 6
112  17.30655496 -062.72710461  17.30654689 -062.72710656
112  17.30654226 -062.72709033  17.30654468 -062.72708204
114  17.30656041 -062.72708594  17.30656606 -062.72709228
110 2 0.00 0.0000 New Taxiway 4
111  17.31247474 -062.72042288
112  17.31257146 -062.72058035  17.31260498 -062.72066994
112  17.31256799 -062.72089271  17.31248708 -062.72095325
112  17.31246280 -062.72098352  17.31246280 -062.72099320
112  17.31248823 -062.72101863  17.31248246 -062.72104163
112  17.31246858 -062.72108038  17.31245934 -062.72108401
112  17.31244316 -062.72109370  17.31244316 -062.72109612
112  17.31243853 -062.72113849  17.31242813 -062.72114455
112  17.31240732 -062.72115786  17.31239345 -062.72115786
112  17.31236802 -062.72115060  17.31236109 -062.72114818
112  17.31226448 -062.72137119  17.31225639 -062.72138935
112  17.31223443 -062.72141236  17.31222056 -062.72141720
112  17.31220207 -062.72140267  17.31219513 -062.72139299
112  17.31215121 -062.72134940  17.31213965 -062.72133971
112  17.31213271 -062.72131550  17.31213618 -062.72130097
112  17.31223790 -062.72099950  17.31224946 -062.72098013
112  17.31230263 -062.72088206  17.31231881 -062.72085784
112  17.31244744 -062.72071454  17.31245784 -062.72070606
112  17.31248674 -062.72071332  17.31250639 -062.72073270
112  17.31253875 -062.72079202  17.31253875 -062.72081745
112  17.31255609 -062.72074723  17.31254453 -062.72069153
112  17.31249945 -062.72056562  17.31245553 -062.72047965
111  17.31240998 -062.72044306
113  17.31244875 -062.72040246
110 1 0.00 0.0000 New Taxiway 3
112  17.31220793 -062.72042150  17.31222318 -062.72040552
112  17.31225355 -062.72034105  17.31225836 -062.72033012
112  17.31228887 -062.72028892  17.31230091 -062.72026958
112  17.31229529 -062.72020904  17.31231375 -062.72018130
112  17.31238902 -062.72013581  17.31243076 -062.72011647
112  17.31247571 -062.72003323  17.31250541 -062.71996345
112  17.31249841 -062.71984759  17.31249841 -062.71980158
112  17.31240394 -062.71843948  17.31238891 -062.71807626
112  17.31233134 -062.71758739  17.31231769 -062.71750247
111  17.31217963 -062.71753947
111  17.31234659 -062.71726033
112  17.31234177 -062.71742932  17.31234739 -062.71747220
112  17.31240301 -062.71782802  17.31242497 -062.71803384
112  17.31243874 -062.71850623  17.31244837 -062.71868279
112  17.31253800 -062.71983316  17.31254135 -062.71988991
111  17.31261496 -062.71993966
111  17.31274673 -062.72003991
111  17.31268453 -062.72014388
111  17.31257703 -062.72008334
112  17.31254582 -062.72014267  17.31253427 -062.72017778
112  17.31253195 -062.72028069  17.31252039 -062.72034728
111  17.31247404 -062.72042410
111  17.31244861 -062.72040352
111  17.31241042 -062.72044342
112  17.31232614 -062.72040349  17.31227798 -062.72038948
114  17.31220106 -062.72048259  17.31214673 -062.72054313
110 1 0.00 0.0000 New Taxiway 2
111  17.30534307 -062.72769057
111  17.30524720 -062.72768806
112  17.30504107 -062.72736923  17.30500751 -062.72715584
112  17.30527596 -062.72685459  17.30543894 -062.72678179
112  17.30577986 -062.72659373  17.30590170 -062.72652260
114  17.30606748 -062.72630712  17.30611941 -062.72622553
110 4 0.00 0.0000 New Taxiway 5
111  17.31249928 -062.71952243
111  17.31253589 -062.71951546
111  17.31255753 -062.71975082
112  17.31261745 -062.71975082  17.31265574 -062.71966365
112  17.31269141 -062.71957575  17.31271338 -062.71952763
112  17.31273935 -062.71949625  17.31277930 -062.71947114
112  17.31282324 -062.71944813  17.31283922 -062.71943348
112  17.31287317 -062.71944185  17.31287317 -062.71944394
112  17.31286318 -062.71955273  17.31283922 -062.71959458
112  17.31281924 -062.71964688  17.31281924 -062.71966571
112  17.31283922 -062.71973475  17.31283922 -062.71977241
112  17.31283922 -062.71986028  17.31284321 -062.71987492
112  17.31284721 -062.71992095  17.31284721 -062.71995442
112  17.31281725 -062.72000045  17.31280726 -062.72001510
112  17.31276931 -062.72005066  17.31275333 -062.72005484
112  17.31266680 -062.72015300  17.31265182 -062.72017741
112  17.31262852 -062.72029247  17.31261187 -062.72033257
112  17.31257525 -062.72040580  17.31255528 -062.72043369
112  17.31252865 -062.72046159  17.31252199 -062.72047030
112  17.31249536 -062.72048425  17.31248537 -062.72046507
112  17.31246041 -062.72041975  17.31245375 -062.72040928
111  17.31233724 -062.72037442
111  17.31219576 -062.72046159
112  17.31220075 -062.72031688  17.31221573 -062.72026806
112  17.31227066 -062.72016520  17.31228564 -062.72013382
112  17.31235388 -062.72007977  17.31238051 -062.72005711
112  17.31241380 -062.72003270  17.31243710 -062.72000655
112  17.31247039 -062.71995599  17.31247705 -062.71993507
112  17.31248006 -062.71977060  17.31249005 -062.71972527
113  17.31249837 -062.71963113
110 1 0.00 57.0000 Pad
111  17.30559739 -062.72789245
111  17.30531874 -062.72835503
111  17.30496646 -062.72812494
113  17.30526097 -062.72766369
110 1 0.00 57.0000 Pad
111  17.31605457 -062.71060010 102
111  17.31606802 -062.70992222
112  17.31606802 -062.70992222  17.31620924 -062.70905853 102
111  17.31678901 -062.70944261
111  17.31708691 -062.70893490
111  17.31744311 -062.70915721
111  17.31712302 -062.70967471
113  17.31678901 -062.70944512
110 1 0.00 0.0000 perimeter_road
111  17.30866859 -062.72518706
112  17.30867479 -062.72516841  17.30867208 -062.72516476
111  17.30867440 -062.72515422
112  17.30870212 -062.72511262  17.30871002 -062.72509899
111  17.30870120 -062.72508829
111  17.30868308 -062.72507418
111  17.30869051 -062.72505569
111  17.30871188 -062.72506299
112  17.30881513 -062.72496058  17.30890806 -062.72484871
112  17.30934133 -062.72439968  17.30954439 -062.72417826
112  17.30991673 -062.72361797  17.31012445 -062.72330624
112  17.31058985 -062.72242940  17.31085062 -062.72198046
112  17.31109618 -062.72140539  17.31116437 -062.72127947
112  17.31151646 -062.72103135  17.31165633 -062.72092601
112  17.31194992 -062.72067540  17.31209209 -062.72055796
111  17.31219987 -062.72043395
111  17.31222475 -062.72045833
112  17.31210238 -062.72058872  17.31200645 -062.72068436
112  17.31167852 -062.72093373  17.31156856 -062.72102706
112  17.31122511 -062.72131541  17.31112076 -062.72141630
112  17.31096963 -062.72175617  17.31087975 -062.72195701
112  17.31071836 -062.72225689  17.31058021 -062.72251143
112  17.31028102 -062.72307307  17.31010958 -062.72338863
112  17.30970548 -062.72401692  17.30952239 -062.72424880
112  17.30915133 -062.72465096  17.30903806 -062.72476477
111  17.30881424 -062.72501382
112  17.30880421 -062.72507863  17.30879139 -062.72509790
111  17.30875181 -062.72509848
112  17.30873230 -062.72512767  17.30871725 -062.72515453
113  17.30868548 -062.72519890
130 Airport Boundary 1
111  17.30607162 -062.72853605
111  17.30597095 -062.72865906
111  17.30583913 -062.72874442
111  17.30569292 -062.72879211
111  17.30555870 -062.72877203
111  17.30528546 -062.72864651
111  17.30449349 -062.72817323
111  17.30440161 -062.72809373
111  17.30433969 -062.72801633
111  17.30434568 -062.72788871
111  17.30438563 -062.72775064
111  17.30517471 -062.72622137
111  17.30547432 -062.72545568
111  17.30545994 -062.72539794
111  17.30562053 -062.72535024
111  17.30576913 -062.72519710
111  17.30641965 -062.72401347
111  17.30586119 -062.72379004
111  17.30767841 -062.71837417
111  17.30830556 -062.71648368
111  17.30856552 -062.71575190
111  17.30870143 -062.71545151
111  17.30889318 -062.71517535
111  17.30915484 -062.71487200
111  17.30948067 -062.71458772
111  17.30976643 -062.71421323
111  17.30985427 -062.71406190
111  17.30998502 -062.71374730
111  17.31009596 -062.71334069
111  17.31027508 -062.71331181
111  17.31139540 -062.71311812
111  17.31236345 -062.71290629
111  17.31317220 -062.71269536
111  17.31358326 -062.71227293
111  17.31442525 -062.71132981
111  17.31494856 -062.71074819
111  17.31527466 -062.71022790
111  17.31539275 -062.70998413
111  17.31589590 -062.70914926
111  17.31679421 -062.70775114
111  17.31740841 -062.70780407
111  17.31785823 -062.70805530
111  17.31814601 -062.70851093
111  17.31823978 -062.70890196
111  17.31809559 -062.71033897
111  17.31781806 -062.71050794
111  17.31733470 -062.71082386
111  17.31707504 -062.71125075
111  17.31714773 -062.71189021
111  17.31699194 -062.71209734
111  17.31707583 -062.71226472
111  17.31663415 -062.71265864
111  17.31638038 -062.71301775
111  17.31617465 -062.71311608
111  17.31557084 -062.71407316
111  17.31498841 -062.71446230
111  17.31456951 -062.71555496
111  17.31424111 -062.71649211
111  17.31430904 -062.71648468
111  17.31433492 -062.71721375
111  17.31423426 -062.71748188
111  17.31332860 -062.71857480
111  17.31310713 -062.71892427
111  17.31307777 -062.71941882
111  17.31320893 -062.71992134
111  17.31332282 -062.72000448
111  17.31310731 -062.72042665
111  17.31278288 -062.72104847
111  17.31238941 -062.72164498
111  17.31233823 -062.72159714
111  17.31159122 -062.72109922
111  17.31122939 -062.72142628
111  17.31052992 -062.72301417
111  17.30995553 -062.72400238
111  17.30874485 -062.72522483
111  17.30865857 -062.72517060
111  17.30857228 -062.72526459
111  17.30821690 -062.72543723
111  17.30792698 -062.72572282
111  17.30723669 -062.72678928
113  17.30640932 -062.72803818
120 Linear Feature 98
111  17.31289095 -062.71446899 8
115  17.31357601 -062.71402680
120 Linear Feature 97
111  17.31058871 -062.71897726 8
111  17.31083331 -062.71733243 8
112  17.31089688 -062.71717504  17.31094659 -062.71709876 8
111  17.31197617 -062.71548537 8
115  17.31240288 -062.71479730
120 Linear Feature 96
111  17.31110933 -062.71647200 8
111  17.31073706 -062.71705731 8
112  17.31065450 -062.71724026  17.31063443 -062.71731929 8
111  17.31061757 -062.71750762 8
111  17.31047510 -062.71848639 8
115  17.31034859 -062.71931889
120 Linear Feature 120
111  17.31041319 -062.71728108 1
116  17.31033497 -062.71728726  17.31031640 -062.71731197
120 Linear Feature 117
111  17.31080176 -062.71625257 1
116  17.31081380 -062.71596334  17.31075681 -062.71579182
120 Linear Feature 116
111  17.30703993 -062.72327778 12
115  17.30724525 -062.72328994
120 Linear Feature 127
111  17.31186946 -062.71410498 1
112  17.31178317 -062.71422480  17.31178785 -062.71432499 1
111  17.31186144 -062.71434811 1
111  17.31186813 -062.71437614 1
112  17.31191629 -062.71438945  17.31194438 -062.71439015 1
111  17.31196311 -062.71438384 1
115  17.31205676 -062.71444760
120 Linear Feature 115
111  17.30670408 -062.72576331 1
111  17.30699203 -062.72530654 1
112  17.30704609 -062.72505226  17.30705839 -062.72487021 1
115  17.30707078 -062.72465723
120 Linear Feature 114
111  17.30714175 -062.72330532 1
111  17.30707099 -062.72465660 1
112  17.30721201 -062.72477404  17.30728946 -062.72479462 1
111  17.30733338 -062.72476557 1
115  17.30756853 -062.72438730
120 Linear Feature 113
111  17.31020102 -062.71720838 1
111  17.30957621 -062.71819482 1
111  17.30896855 -062.71913848 1
111  17.30756060 -062.72138087 1
112  17.30725258 -062.72186392  17.30722484 -062.72194237 1
112  17.30720403 -062.72216611  17.30719571 -062.72229250 1
115  17.30714496 -062.72325655
120 Linear Feature 112
111  17.31085578 -062.71620156 1
112  17.31078287 -062.71628003  17.31073738 -062.71635570 1
115  17.31026680 -062.71709890
120 Linear Feature 111
111  17.31106047 -062.71613360 1
116  17.31092067 -062.71616513  17.31086648 -062.71619595
120 Linear Feature 110
111  17.31034769 -062.71538265 22
111  17.31039445 -062.71537407 22
115  17.31066243 -062.71554735
120 Linear Feature 109
111  17.30994849 -062.71586348 22
111  17.31023852 -062.71540955 22
115  17.31027705 -062.71540031
120 Linear Feature 108
111  17.30964108 -062.71635337 22
115  17.30990324 -062.71593640
120 Linear Feature 107
111  17.30933319 -062.71684771 22
115  17.30960020 -062.71641912
120 Linear Feature 106
111  17.30902268 -062.71733613 22
115  17.30928893 -062.71691815
120 Linear Feature 105
111  17.30878136 -062.71771408 22
115  17.30898174 -062.71740423
120 Linear Feature 104
111  17.30854546 -062.71808033 22
115  17.30873641 -062.71778722
120 Linear Feature 103
111  17.30893245 -062.71850671 22
115  17.30855412 -062.71824882
120 Linear Feature 102
111  17.30695262 -062.72486791 8
111  17.30708988 -062.72217311 8
112  17.30729503 -062.72158687  17.30749077 -062.72127724 8
111  17.30911660 -062.71870134 8
112  17.30906228 -062.71855485  17.30896865 -062.71849674 8
115  17.30895386 -062.71848289
120 Linear Feature 101
111  17.31031741 -062.71731580 8
111  17.30812238 -062.72069018 8
111  17.30739363 -062.72183461 8
112  17.30732190 -062.72205817  17.30731219 -062.72215260 8
115  17.30719196 -062.72440700
120 Linear Feature 100
111  17.31414040 -062.71344605 8
115  17.31357864 -062.71378990
120 Linear Feature 95
111  17.31121038 -062.71649647 1
116  17.31120460 -062.71623112  17.31115933 -062.71610097
120 Linear Feature 94
111  17.31144648 -062.71612426 1
112  17.31131117 -062.71620652  17.31124428 -062.71622894 1
111  17.31120481 -062.71623174 1
115  17.31024980 -062.71557732
120 Linear Feature 93
111  17.31155489 -062.71591243 1
111  17.31154238 -062.71590989 1
111  17.31154761 -062.71591966 1
112  17.31153939 -062.71592612  17.31153939 -062.71593335 1
115  17.31155059 -062.71593668
120 Linear Feature 92
111  17.31172583 -062.71562959 1
111  17.31173127 -062.71564004 1
111  17.31173503 -062.71563121 1
112  17.31174540 -062.71563339  17.31175072 -062.71563026 1
115  17.31174553 -062.71562293
120 Linear Feature 91
111  17.31155218 -062.71589626 1
116  17.31143780 -062.71563837  17.31130135 -062.71554168
120 Linear Feature 90
111  17.31152060 -062.71600866 1
116  17.31154243 -062.71594881  17.31155265 -062.71590794
120 Linear Feature 89
111  17.31117856 -062.71519196 1
112  17.31125625 -062.71514175  17.31128567 -062.71513446 2
112  17.31134431 -062.71512889  17.31137025 -062.71513051 1
112  17.31150046 -062.71519575  17.31154283 -062.71524363 1
112  17.31156791 -062.71533179  17.31157293 -062.71537325 1
111  17.31156958 -062.71539076 1
115  17.31162310 -062.71542580
120 Linear Feature 88
111  17.31135412 -062.71510702 1
115  17.31134494 -062.71510725
120 Linear Feature 87
111  17.31134985 -062.71512060 1
115  17.31134974 -062.71510702
120 Linear Feature 86
111  17.31136417 -062.71511966 1
111  17.31136352 -062.71510687 1
114  17.31135606 -062.71511377  17.31135704 -062.71511966 1
120 Linear Feature 85
111  17.31137680 -062.71511445 1
115  17.31137054 -062.71511468
120 Linear Feature 84
111  17.31137984 -062.71511953 1
111  17.31137204 -062.71510714 1
115  17.31136828 -062.71512066
120 Linear Feature 83
111  17.31117069 -062.71523081 1
111  17.31117318 -062.71521516 1
115  17.31116104 -062.71522087
120 Linear Feature 82
111  17.31112256 -062.71528743 2
115  17.31117320 -062.71521545
120 Linear Feature 81
111  17.31109608 -062.71531101 1
115  17.31109219 -062.71531757
120 Linear Feature 80
111  17.31110223 -062.71532062 1
115  17.31109435 -062.71531406
120 Linear Feature 79
112  17.31110980 -062.71531044  17.31110980 -062.71531033 1
111  17.31110072 -062.71530365 1
114  17.31110180 -062.71531202  17.31110666 -062.71531632 1
120 Linear Feature 78
111  17.31111068 -062.71530361 1
115  17.31111380 -062.71529992
120 Linear Feature 77
111  17.31111834 -062.71530125 1
111  17.31110732 -062.71529812 1
115  17.31111330 -062.71530868
120 Linear Feature 76
111  17.31171986 -062.71564284 1
112  17.31143923 -062.71563919  17.31129875 -062.71554110 1
111  17.31110437 -062.71540281 1
112  17.31113969 -062.71529519  17.31117983 -062.71523886 1
111  17.31119428 -062.71522877 1
115  17.31117822 -062.71519178
120 Linear Feature 75
111  17.31178721 -062.71558689 1
116  17.31175563 -062.71561997  17.31173612 -062.71563603
120 Linear Feature 74
111  17.31185087 -062.71543784 1
116  17.31175785 -062.71523804  17.31164915 -062.71516505
120 Linear Feature 73
111  17.31184080 -062.71548447 1
116  17.31182687 -062.71552705  17.31181409 -062.71554651
120 Linear Feature 72
111  17.31143739 -062.71490490 1
112  17.31143770 -062.71489675  17.31143054 -062.71489235 1
115  17.31143132 -062.71490067
120 Linear Feature 71
111  17.31165260 -062.71498569 1
112  17.31165214 -062.71499459  17.31164607 -062.71499655 1
115  17.31164638 -062.71498814
120 Linear Feature 70
111  17.31164306 -062.71497674 1
115  17.31162989 -062.71493904
120 Linear Feature 69
111  17.31149013 -062.71482431 1
111  17.31149305 -062.71480882 1
115  17.31148140 -062.71481445
120 Linear Feature 68
111  17.31144148 -062.71489177 1
115  17.31149335 -062.71480865
120 Linear Feature 67
111  17.31197798 -062.71523930 1
112  17.31175778 -062.71523837  17.31164964 -062.71516422 1
111  17.31138534 -062.71498082 1
112  17.31147257 -062.71484713  17.31157358 -062.71482821 1
111  17.31160100 -062.71489478 1
111  17.31162493 -062.71487895 1
112  17.31163190 -062.71490474  17.31163051 -062.71491691 1
111  17.31161936 -062.71492518 1
115  17.31174710 -062.71500984
120 Linear Feature 66
111  17.31203411 -062.71519909 1
116  17.31200572 -062.71521970  17.31198830 -062.71523085
120 Linear Feature 65
111  17.31195734 -062.71528610 1
112  17.31195085 -062.71528326  17.31194804 -062.71528587 1
112  17.31195064 -062.71529186  17.31195323 -062.71529481 1
111  17.31195615 -062.71529628 1
111  17.31195615 -062.71529673 1
115  17.31194783 -062.71529605
120 Linear Feature 63
111  17.31195268 -062.71530568 2
116  17.31194042 -062.71534690  17.31192590 -062.71537089
120 Linear Feature 62
111  17.31195632 -062.71527391 2
116  17.31183880 -062.71500970  17.31171152 -062.71492601
120 Linear Feature 61
111  17.31158225 -062.71477398 1
112  17.31157292 -062.71477105  17.31157136 -062.71476258 1
115  17.31158070 -062.71476518
120 Linear Feature 60
111  17.31165791 -062.71475391 1
115  17.31159326 -062.71476689
120 Linear Feature 59
111  17.31149713 -062.71469482 1
115  17.31150050 -062.71468531
120 Linear Feature 58
112  17.31150962 -062.71469403  17.31150975 -062.71469376 1
115  17.31149860 -062.71468969
120 Linear Feature 57
111  17.31151506 -062.71468168 1
111  17.31150428 -062.71467623 1
114  17.31150742 -062.71468657  17.31151403 -062.71468915 1
120 Linear Feature 56
111  17.31151416 -062.71467434 1
115  17.31151636 -062.71466878
120 Linear Feature 55
111  17.31152193 -062.71466932 1
111  17.31150962 -062.71466918 1
115  17.31151818 -062.71467801
120 Linear Feature 54
112  17.31157164 -062.71459870  17.31157164 -062.71459825 1
111  17.31157639 -062.71458150 1
115  17.31156225 -062.71459026
120 Linear Feature 53
111  17.31152559 -062.71466220 2
115  17.31157622 -062.71458143
120 Linear Feature 52
112  17.31173538 -062.71448544  17.31173553 -062.71448544 1
115  17.31174191 -062.71448332
120 Linear Feature 51
111  17.31174138 -062.71449219 1
115  17.31173890 -062.71448418
120 Linear Feature 50
111  17.31175113 -062.71448944 1
111  17.31174836 -062.71448064 1
114  17.31174566 -062.71448646  17.31174723 -062.71449078 1
120 Linear Feature 49
111  17.31175894 -062.71448379 1
115  17.31175548 -062.71448489
120 Linear Feature 48
111  17.31176209 -062.71448620 1
111  17.31175425 -062.71447896 1
115  17.31175474 -062.71448842
120 Linear Feature 47
111  17.31215267 -062.71499502 2
112  17.31184117 -062.71501250  17.31168143 -062.71490488 2
111  17.31150356 -062.71477719 2
112  17.31153754 -062.71466672  17.31157286 -062.71460955 2
111  17.31159774 -062.71459525 2
111  17.31158731 -062.71454565 2
111  17.31175587 -062.71449100 2
112  17.31187020 -062.71455558  17.31194646 -062.71461612 2
111  17.31196572 -062.71476914 2
115  17.31201469 -062.71479689
120 Linear Feature 46
111  17.31264043 -062.71439199 8
111  17.31229220 -062.71461024 8
115  17.31137813 -062.71604174
120 Linear Feature 45
111  17.31245915 -062.71447124 1
111  17.31244657 -062.71447597 1
115  17.31246896 -062.71448320
120 Linear Feature 44
111  17.31238114 -062.71453624 1
111  17.31236905 -062.71453061 1
115  17.31237416 -062.71455538
120 Linear Feature 42
111  17.31223790 -062.71369669 1
112  17.31221505 -062.71360268  17.31216655 -062.71357116 1
115  17.31215868 -062.71356476
120 Linear Feature 41
111  17.31174476 -062.71439527 1
112  17.31173468 -062.71438940  17.31173401 -062.71437931 1
115  17.31174454 -062.71438306
120 Linear Feature 40
111  17.31182370 -062.71437522 1
115  17.31175355 -062.71438593
120 Linear Feature 36
111  17.31196050 -062.71393961 1
112  17.31197002 -062.71393531  17.31197637 -062.71393980 1
115  17.31196928 -062.71394489
120 Linear Feature 39
111  17.31219846 -062.71433896 1
115  17.31220341 -062.71433098
120 Linear Feature 38
111  17.31220557 -062.71434455 1
111  17.31219053 -062.71432798 1
115  17.31221101 -062.71433545
120 Linear Feature 37
111  17.31220258 -062.71431630 1
111  17.31219494 -062.71431861 1
115  17.31221425 -062.71433110
120 Linear Feature 33
111  17.31192195 -062.71402368 1
111  17.31191058 -062.71402992 1
115  17.31191339 -062.71401567
120 Linear Feature 32
111  17.31195777 -062.71395288 1
115  17.31191054 -062.71402992
120 Linear Feature 31
111  17.31216069 -062.71336342 1
115  17.31194300 -062.71369435
120 Linear Feature 30
111  17.31210947 -062.71390365 1
112  17.31206585 -062.71380959  17.31201437 -062.71377634 1
111  17.31192572 -062.71371593 1
112  17.31189940 -062.71378202  17.31191759 -062.71381811 1
115  17.31196560 -062.71381608
120 Linear Feature 29
111  17.31210949 -062.71390367 1
112  17.31219456 -062.71389047  17.31224305 -062.71391966 1
111  17.31234751 -062.71398891 1
112  17.31231295 -062.71404613  17.31227393 -062.71405256 1
115  17.31225387 -062.71401986
120 Linear Feature 29
111  17.31223731 -062.71369674 1
112  17.31233375 -062.71368565  17.31238225 -062.71371484 1
111  17.31246196 -062.71376798 1
112  17.31242740 -062.71382520  17.31238838 -062.71383162 1
115  17.31236831 -062.71379892
120 Linear Feature 28
111  17.31246237 -062.71362441 2
115  17.31221599 -062.71345392
120 Linear Feature 27
111  17.31237476 -062.71348458 1
112  17.31248179 -062.71347687  17.31254132 -062.71351681 1
115  17.31259551 -062.71355674
120 Linear Feature 26
111  17.31231769 -062.71475572 1
112  17.31225492 -062.71436234  17.31205148 -062.71418315 1
112  17.31211985 -062.71388534  17.31219752 -062.71375458 1
111  17.31237510 -062.71348470 1
112  17.31235343 -062.71338717  17.31231008 -062.71335858 1
111  17.31223492 -062.71330795 1
112  17.31219490 -062.71331402  17.31218208 -062.71333446 1
112  17.31220438 -062.71338876  17.31222556 -062.71340160 1
115  17.31223908 -062.71341731
120 Linear Feature 25
111  17.31231339 -062.71330239 30
111  17.31199849 -062.71378584 30
112  17.31193827 -062.71413563  17.31197661 -062.71433116 30
111  17.31211512 -062.71444074 30
115  17.31129865 -062.71573849
120 Linear Feature 24
111  17.31231317 -062.71421807 30
112  17.31225805 -062.71395715  17.31234313 -062.71381338 30
115  17.31256196 -062.71347269
120 Linear Feature 23
111  17.31244520 -062.71463613 1
112  17.31225159 -062.71475620  17.31223040 -062.71476326 1
112  17.31206376 -062.71472593  17.31199152 -062.71467649 1
111  17.31169053 -062.71447492 1
112  17.31161479 -062.71461115  17.31162683 -062.71470784 1
111  17.31170389 -062.71472886 1
111  17.31170550 -062.71475913 1
111  17.31178336 -062.71475661 1
115  17.31188690 -062.71482555
120 Linear Feature 22
111  17.31268647 -062.71448193 1
112  17.31241388 -062.71446579  17.31226650 -062.71437196 1
115  17.31186968 -062.71410561
120 Linear Feature 21
111  17.31313334 -062.71431436 4
115  17.31304103 -062.71415181
120 Linear Feature 20
111  17.31053548 -062.71810531 12
115  17.31071477 -062.71813160
120 Linear Feature 17
111  17.31308070 -062.71423833 1
111  17.31255593 -062.71456280 1
112  17.31230508 -062.71477278  17.31224086 -062.71487284 1
111  17.31087052 -062.71703131 1
112  17.31072817 -062.71738029  17.31070598 -062.71754447 1
115  17.31062930 -062.71810180
120 Linear Feature 14
111  17.31184354 -062.71380646 24
111  17.31136352 -062.71461443 24
111  17.31111662 -062.71500217 24
115  17.31078317 -062.71551433
120 Linear Feature 13
111  17.31103183 -062.71504751 24
111  17.31122742 -062.71475305 24
115  17.31180501 -062.71378123
120 Linear Feature 12
111  17.30844002 -062.71819277 24
111  17.31023170 -062.71536593 24
111  17.31039023 -062.71532669 24
111  17.31071740 -062.71554155 24
115  17.31090754 -062.71523509
120 Linear Feature 119
111  17.30924614 -062.71870239 1
116  17.30925417 -062.71841443  17.30920200 -062.71823857
120 Linear Feature 119
111  17.30956610 -062.71821064 1
116  17.30957246 -062.71792092  17.30952028 -062.71774506
120 Linear Feature 119
111  17.30987633 -062.71772328 1
116  17.30988435 -062.71743532  17.30983218 -062.71725945
120 Linear Feature 119
111  17.31018393 -062.71723481 1
116  17.31019196 -062.71694685  17.31013978 -062.71677099
120 Linear Feature 119
111  17.31049483 -062.71674036 1
116  17.31050286 -062.71645239  17.31045068 -062.71627653
120 Linear Feature 118
111  17.30950180 -062.71831103 1
112  17.30937605 -062.71839114  17.30932454 -062.71840515 1
111  17.30925397 -062.71841403 1
115  17.30869058 -062.71803296
120 Linear Feature 118
111  17.30981508 -062.71781753 1
112  17.30968932 -062.71789530  17.30963781 -062.71790931 1
111  17.30957226 -062.71792052 1
115  17.30900887 -062.71753946
120 Linear Feature 118
111  17.31012697 -062.71732491 1
112  17.31000121 -062.71740969  17.30994971 -062.71742370 1
111  17.30988415 -062.71743491 1
115  17.30932076 -062.71705385
120 Linear Feature 118
111  17.31043457 -062.71683645 1
112  17.31030881 -062.71692123  17.31025731 -062.71693524 1
111  17.31019176 -062.71694645 1
115  17.30962836 -062.71656538
120 Linear Feature 118
111  17.31074547 -062.71634199 1
112  17.31061972 -062.71642677  17.31056821 -062.71644078 1
111  17.31050266 -062.71645199 1
115  17.30993926 -062.71607092
120 Linear Feature 19
111  17.30998150 -062.72059313 1
111  17.31019289 -062.72024445 1
112  17.31033271 -062.71988769  17.31038472 -062.71971456 1
115  17.31044360 -062.71932961
120 Linear Feature 18
111  17.31062353 -062.71813570 1
111  17.31044357 -062.71933009 1
112  17.31051985 -062.71942307  17.31060030 -062.71943324 1
111  17.31073762 -062.71937804 1
115  17.31097620 -062.71900320
120 Linear Feature 145
111  17.30693079 -062.72501376 102
112  17.30695696 -062.72476055  17.30696195 -062.72464961 102
111  17.30709853 -062.72217242 102
112  17.30729750 -062.72158512  17.30751455 -062.72123869 102
111  17.30911355 -062.71870184 102
112  17.30905971 -062.71855716  17.30896282 -062.71849138 102
115  17.30894667 -062.71848010
120 Linear Feature 144
111  17.31029909 -062.71967908 102
112  17.31036638 -062.71927342  17.31038582 -062.71914342 102
111  17.31062058 -062.71752908 102
112  17.31055846 -062.71729510  17.31048071 -062.71724654 102
112  17.31033202 -062.71729203  17.31028716 -062.71735625 102
111  17.30739945 -062.72182396 102
112  17.30732214 -062.72206379  17.30731467 -062.72213427 102
111  17.30719555 -062.72440933 102
116  17.30726882 -062.72447888  17.30731966 -062.72447731
120 Linear Feature 143
111  17.31390219 -062.71400539 102
112  17.31375888 -062.71393360  17.31363427 -062.71399626 102
111  17.31357321 -062.71402889 102
111  17.31248985 -062.71472221 102
112  17.31238750 -062.71482108  17.31234303 -062.71489284 102
111  17.31090176 -062.71716806 102
112  17.31081741 -062.71743329  17.31079797 -062.71758679 102
111  17.31058808 -062.71897704 102
116  17.31065987 -062.71910426  17.31071266 -062.71911151
120 Linear Feature 142
111  17.31232614 -062.71422193 102
112  17.31253625 -062.71437127  17.31259634 -062.71441218 102
111  17.31267390 -062.71437344 102
111  17.31356585 -062.71381714 102
112  17.31409900 -062.71349107  17.31423358 -062.71340649 102
115  17.31432330 -062.71329747
120 Linear Feature 135
111  17.31053344 -062.71426184 24
115  17.31090826 -062.71352339
120 Linear Feature 129
111  17.31215548 -062.71500819 1
116  17.31216309 -062.71497464  17.31216578 -062.71495587
120 Linear Feature 128
111  17.31216691 -062.71492789 1
116  17.31206256 -062.71472330  17.31194683 -062.71464903
120 Linear Feature 141
111  17.31075275 -062.71437149 20
112  17.31069216 -062.71441083  17.31065159 -062.71441398 20
111  17.31063807 -062.71440559 20
112  17.31060302 -062.71436782  17.31061404 -062.71434474 20
115  17.31065210 -062.71437044
120 Linear Feature 132
111  17.31058496 -062.71451315 20
112  17.31055012 -062.71444357  17.31050414 -062.71443141 20
112  17.31035664 -062.71437458  17.31031008 -062.71436113 20
112  17.31027075 -062.71426024  17.31029403 -062.71418036 20
115  17.31045391 -062.71357482
21  17.30667064 -062.72507285 3 56.9500 3.50 07  PAPI-4R
21  17.30759584 -062.72524951 2 56.9500 3.50 07  PAPI-4L
21  17.31510544 -062.71158886 2 236.9500 3.00 25  PAPI-4L
20  17.30756835 -062.72512369 237.0000 0 2 {@B}1
20  17.31565788 -062.71209175 57.0000 0 2 {@B}1
20  17.30906351 -062.72271664 237.0000 0 2 {@B}2
20  17.31416098 -062.71451016 57.0000 0 2 {@B}2
20  17.31055676 -062.72031499 237.0000 0 2 {@B}3
20  17.31266128 -062.71691950 57.0000 0 2 {@B}3
20  17.31116345 -062.71933122 57.0000 0 2 {@B}4
20  17.31205287 -062.71790844 237.0000 0 2 {@B}4
20  17.31354646 -062.71550635 237.0000 0 2 {@B}5
20  17.30966633 -062.72174137 57.0000 0 2 {@B}5
20  17.30816046 -062.72416401 57.0000 0 2 {@B}6
20  17.31503900 -062.71310572 237.0000 0 2 {@B}6
20  17.31652579 -062.71070632 237.0000 0 2 {@B}7
20  17.30666381 -062.72657673 57.0000 0 2 {@B}7
20  17.30738750 -062.72328210 274.6900 0 2 {@L}A{@R}07-25
20  17.30689196 -062.72325164 254.8800 0 2 {@L}A{@R}07-25
20  17.31086263 -062.71813840 267.4400 0 2 {@L}B{@R}07-25
20  17.31319954 -062.71443821 30.0000 0 2 {@L}C{@R}07-25
20  17.30760515 -062.72387139 237.0000 0 2 {@Y,^ld}A
20  17.31080252 -062.71872993 237.0000 0 2 {@Y,^ld}B
20  17.31429934 -062.71315230 237.0000 0 2 {@Y,^lu}C
20  17.30686495 -062.72505207 57.0000 0 2 {@Y}A{^ru}
20  17.31017529 -062.71972015 57.0000 0 2 {@Y}B{^ru}
20  17.31382188 -062.71394279 57.0000 0 2 {@Y}C{^rd}
14  17.31238909 -062.72074275  36.09 0 Tower Viewpoint
1300  17.31194420 -062.71376712 274.20 tie_down jets|turboprops|props GA Spot 1B
1301 A general_aviation 
1300  17.31203405 -062.71354488 235.40 hangar jets|turboprops|props GA Spot 1C
1301 A none 
1300  17.31222400 -062.71338297 269.80 misc jets|turboprops|props GA Spot 1D
1301 A none 
1300  17.31231002 -062.71400841 216.66 tie_down jets|turboprops|props GA Spot 1E
1301 A general_aviation 
1300  17.31241827 -062.71378165 216.66 tie_down jets|turboprops|props GA Spot 1F
1301 A general_aviation 
1300  17.31259653 -062.71355722 145.74 tie_down jets|turboprops|props GA Spot 1G
1301 A general_aviation 
1300  17.31186551 -062.71432783 269.34 gate jets|turboprops|props Spot 1A
1301 B airline 
1300  17.31159775 -062.71460013 103.56 gate jets|turboprops|props Spot 2
1301 C airline 
1300  17.31160543 -062.71489238  31.62 gate jets|turboprops Spot 2B
1301 B airline 
1300  17.31132671 -062.71525001  70.47 gate jets|turboprops|props Spot 3
1301 C airline 
1300  17.31035158 -062.71564298 147.00 tie_down jets|turboprops|props|helos|fighters Spot 4
1301 C general_aviation 
1300  17.31004239 -062.71613505 147.00 tie_down jets|turboprops|props|helos|fighters Spot 5
1301 C general_aviation 
1300  17.30972601 -062.71663213 147.00 tie_down jets|turboprops|props|helos|fighters Spot 6
1301 C general_aviation 
1300  17.30940675 -062.71711415 147.00 tie_down jets|turboprops|props|helos|fighters Spot 7
1301 C general_aviation 
1300  17.30911913 -062.71761625 147.00 tie_down jets|turboprops|props|helos|fighters Spot 8
1301 C general_aviation 
1300  17.30882618 -062.71812359 147.00 tie_down jets|turboprops|props|helos|fighters Spot 9
1301 C general_aviation 
18  17.31280379 -062.72047782 1 BCN
19  17.30655369 -062.72709336 1 Windsock
1053 121900 GND
1054 118300 TWR
1055 119600 APP
99
