I
1130 Generated by WorldEditor 2.0.0r4

1    136 1 0 TNCS Saba/Juancho Yrausquin
1302 city Saba
1302 country Caribbean Netherlands
1302 datum_lat 17.645369444
1302 datum_lon -63.220575
1302 faa_code 
1302 iata_code SAB
1302 icao_code TNCS
1302 region_code TN
1302 state (unassigned)
1302 transition_alt 5000
1302 transition_level 6500
1302 flatten 1
100 20.00 1 1 0.25 0 0 0 12  17.64588060 -063.22187220    0    0 2 0 0 0 30  17.64483610 -063.21923300    0    0 2 0 0 0
102 H1  17.64449722 -063.21991389 111.45 19.00 19.00 15 0 0 0.00 0
110 1 0.00 0.0000 New Taxiway 5
111  17.64471263 -063.21929043
112  17.64464409 -063.21911512  17.64462516 -063.21907071
111  17.64458443 -063.21907969
111  17.64449246 -063.21884422
111  17.64477572 -063.21872974
113  17.64496217 -063.21918293
110 1 0.00 0.0000 New Taxiway 4
111  17.64600515 -063.22181776
111  17.64604543 -063.22183749
111  17.64618297 -063.22221277
111  17.64615576 -063.22231503
111  17.64596128 -063.22243938
113  17.64575486 -063.22192382
110 2 0.00 -68.0000 New Taxiway 1
111  17.64528492 -063.22060502
112  17.64521585 -063.22060105  17.64517111 -063.22062135
111  17.64485540 -063.22075716
111  17.64486741 -063.22078784
111  17.64476332 -063.22083818
111  17.64473351 -063.22079914
111  17.64456468 -063.22088739
111  17.64444778 -063.22068121
111  17.64433183 -063.21984878
111  17.64455874 -063.21975299
112  17.64468987 -063.22009492  17.64469761 -063.22011398
112  17.64477822 -063.22022663  17.64481272 -063.22026121
111  17.64485187 -063.22026771
112  17.64489520 -063.22026251  17.64492039 -063.22025299
111  17.64503022 -063.22020030
112  17.64505945 -063.22014514  17.64506895 -063.22009718
111  17.64506247 -063.22004575
111  17.64521362 -063.22042322
112  17.64513047 -063.22032977  17.64510789 -063.22031316
112  17.64507349 -063.22033053  17.64505636 -063.22033793
111  17.64490326 -063.22040313
112  17.64487547 -063.22042781  17.64486629 -063.22044654
112  17.64486194 -063.22052684  17.64487645 -063.22056188
111  17.64491837 -063.22066535
112  17.64494256 -063.22066535  17.64496775 -063.22065478
111  17.64521031 -063.22055403
112  17.64524065 -063.22053311  17.64524590 -063.22052140
113  17.64524788 -063.22051415
130 Airport Boundary 2
111  17.64595934 -063.22244243
111  17.64588507 -063.22291489
111  17.64587321 -063.22290545
111  17.64595319 -063.22243256
111  17.64522650 -063.22062361
111  17.64458953 -063.22093767
111  17.64442763 -063.22065871
111  17.64431914 -063.21982894
111  17.64460574 -063.21971766
111  17.64440449 -063.21939024
111  17.64442002 -063.21938422
111  17.64462181 -063.21970921
111  17.64481946 -063.21963468
111  17.64446285 -063.21883816
111  17.64479303 -063.21870842
111  17.64550206 -063.22051252
111  17.64590997 -063.22033207
111  17.64592022 -063.22034988
111  17.64550735 -063.22052352
111  17.64601031 -063.22181529
111  17.64605038 -063.22183557
111  17.64618684 -063.22221260
113  17.64616212 -063.22231276
120 Linear Feature 6
111  17.64505015 -063.22034037 54
115  17.64499816 -063.22021560
120 Linear Feature 5
111  17.64512337 -063.22023200 51
115  17.64479797 -063.22037728
120 Linear Feature 4
111  17.64510286 -063.21991213 51
111  17.64517604 -063.22009777
112  17.64517604 -063.22009777  17.64520829 -063.22017836 51
111  17.64512337 -063.22023200 51
112  17.64525738 -063.22030414  17.64529271 -063.22038955
111  17.64525738 -063.22030414 51
115  17.64534665 -063.22053060
120 Linear Feature 16
111  17.64464457 -063.21998446 10
111  17.64455806 -063.21975640 10
111  17.64435200 -063.21984379 10
113  17.64443767 -063.22007202 10
120 Linear Feature 16
111  17.64460805 -063.21996388 10
111  17.64454504 -063.21979922 10
111  17.64438853 -063.21986418 10
113  17.64444972 -063.22002842 10
120 Linear Feature 16
111  17.64464708 -063.21998567 10
111  17.64455913 -063.21975364 10
111  17.64434952 -063.21984258 10
113  17.64443658 -063.22007478 10
120 Linear Feature 16
111  17.64460993 -063.21996474 10
111  17.64454584 -063.21979726 10
111  17.64438666 -063.21986333 10
113  17.64444890 -063.22003038 10
120 Linear Feature 18
111  17.64450579 -063.21990981 24
115  17.64448671 -063.21991791
120 Linear Feature 18
111  17.64451283 -063.21992656 24
115  17.64450066 -063.21989557
120 Linear Feature 18
111  17.64449335 -063.21993442 24
115  17.64448117 -063.21990343
120 Linear Feature 18
111  17.64450620 -063.21991089 24
115  17.64448713 -063.21991899
120 Linear Feature 18
111  17.64451181 -063.21992700 24
115  17.64449963 -063.21989601
120 Linear Feature 18
111  17.64449232 -063.21993486 24
115  17.64448015 -063.21990388
120 Linear Feature 17
112  17.64453629 -063.21990501  17.64453183 -063.21988265 10
112  17.64448963 -063.21987300  17.64446832 -063.21987768 10
112  17.64445913 -063.21992196  17.64446359 -063.21994432 10
114  17.64450578 -063.21995397  17.64452709 -063.21994929 10
120 Linear Feature 17
112  17.64453489 -063.21990532  17.64453059 -063.21988377 10
112  17.64448992 -063.21987447  17.64446939 -063.21987898 10
112  17.64446053 -063.21992165  17.64446482 -063.21994320 10
114  17.64450549 -063.21995250  17.64452602 -063.21994799 10
20  17.64493465 -063.22016290 24.2300 0 2 {@R}12-30
20  17.64503933 -063.22043239 24.2300 0 2 {@R}12-30
14  17.64466044 -063.22072790  82.02 0 New Tower Viewpoint 4
1300  17.64477216 -063.22063828 166.77 tie_down turboprops|props Ramp GA 1
1301 A general_aviation 
1300  17.64467341 -063.22012412 264.96 tie_down turboprops|props|helos Ramp GA
1301 A general_aviation 
1300  17.64450370 -063.22019209 -13.13 tie_down helos Helo 1
1301 A general_aviation 
1300  17.64452447 -063.22036880 -13.13 tie_down helos Helo 2
1301 A general_aviation 
1300  17.64457451 -063.22058690 -13.13 tie_down turboprops|props Ramp GA 2
1301 A general_aviation 
18  17.64466044 -063.22072790 1 New Airport Beacon 3
19  17.64590946 -063.22034428 0 Windsock 1
19  17.64588340 -063.22290239 0 New Windsock 5
19  17.64442875 -063.21940894 0 New Windsock 46
1056 133000 Dep/Arrival
1050 128125 AFIS SABA
1000 E Wind
1001 TNCS 036 216 60
1002 TNCS 1000
1003 TNCS 3.0
1101 12 left
1110 12 133000 arrivals|departures jets|turboprops|props 000000 000000  Rwy 12
1000 W Wind
1001 TNCS 216 036 60
1002 TNCS 1000
1003 TNCS 3.0
1101 30 right
1110 30 133000 arrivals|departures jets|turboprops|props 000000 000000  Rwy 30
1000 E Wind CA
1001 TNCS 035 216 99
1002 TNCS 0
1003 TNCS 0.0
1101 12 left
1110 12 133000 arrivals|departures jets|turboprops|props 000000 000000  Rwy 12
1000 W Wind CA
1001 TNCS 216 036 99
1002 TNCS 0
1003 TNCS 0.0
1101 30 right
1110 30 133000 arrivals|departures jets|turboprops|props 000000 000000  Rwy 30
1200 
1201  17.64480809 -063.21909569 both 0 _stop
1201  17.64481210 -063.21886990 both 1 _stop
1201  17.64467311 -063.21880119 both 2 _stop
1201  17.64456219 -063.21888112 both 3 _stop
1201  17.64460094 -063.21901295 both 4 _stop
1201  17.64478136 -063.21910410 both 5 _stop
1201  17.64592890 -063.22197689 both 6 _stop
1201  17.64593781 -063.22207974 both 7 _stop
1201  17.64593558 -063.22227724 both 8 _stop
1201  17.64606588 -063.22226672 both 9 _stop
1201  17.64613159 -063.22217557 both 10 _stop
1201  17.64604138 -063.22193833 both 11 _stop
1201  17.64483620 -063.21923323 both 12 N_stop
1201  17.64588059 -063.22187213 both 13 N_start
1201  17.64524991 -063.22027679 both 14 N_start
1201  17.64519500 -063.22013801 both 15 N_start
1201  17.64496105 -063.22030358 both 16 _stop
1201  17.64515556 -063.22022079 both 17 _stop
1202 0 12 oneway taxiway_D 
1204 departure 12,30
1204 arrival 12,30
1202 1 0 oneway taxiway_D 
1204 departure 12,30
1204 arrival 12,30
1202 2 1 oneway taxiway_D 
1204 departure 12,30
1204 arrival 12,30
1202 3 2 oneway taxiway_D 
1204 departure 12,30
1204 arrival 12,30
1202 4 3 oneway taxiway_D 
1204 departure 12,30
1204 arrival 12,30
1202 5 4 oneway taxiway_D 
1204 departure 12,30
1204 arrival 12,30
1202 12 5 oneway taxiway_D 
1204 departure 12,30
1204 arrival 12,30
1202 6 13 oneway taxiway_D 
1204 departure 12,30
1204 arrival 12,30
1202 7 6 oneway taxiway_D 
1204 departure 12,30
1204 arrival 12,30
1202 8 7 oneway taxiway_D 
1204 departure 12,30
1204 arrival 12,30
1202 9 8 oneway taxiway_D 
1204 departure 12,30
1204 arrival 12,30
1202 10 9 oneway taxiway_D 
1204 departure 12,30
1204 arrival 12,30
1202 11 10 oneway taxiway_D 
1204 departure 12,30
1204 arrival 12,30
1202 13 11 oneway taxiway_D 
1204 departure 12,30
1204 arrival 12,30
1202 13 14 twoway runway 12/30
1204 departure 12,30
1204 arrival 12,30
1204 ils 12,30
1202 14 15 twoway runway 12/30
1204 departure 12,30
1204 arrival 12,30
1204 ils 12,30
1202 15 12 twoway runway 12/30
1204 departure 12,30
1204 arrival 12,30
1204 ils 12,30
1202 17 16 twoway taxiway_D 
1204 departure 12,30
1204 arrival 12,30
1202 17 15 twoway taxiway_D 
1204 departure 12,30
1204 arrival 12,30
1202 14 17 twoway taxiway_D 
1204 departure 12,30
1204 arrival 12,30
99
