I
1130 Generated by WorldEditor 2.0.0r4

1    136 1 0 TVSA Argyle Intl
1302 city Kingstown
1302 country St. Vincent
1302 gui_label 3D
1302 iata_code SVD
1302 icao_code TVSA
1302 transition_alt 5200 ft
1302 transition_level FL 060
1302 flatten 1
1302 drive_on_left 1
100 45.11 1 1 0.25 0 2 0 04  13.14851300 -061.15321001    0   60 3 10 0 0 22  13.17158772 -061.14419872  300   60 3 0 0 2
110 1 0.20 110.8000 B
111  13.15988637 -061.15034318
112  13.16006715 -061.14996925  13.16000762 -061.14978851
111  13.16006715 -061.14996925
111  13.15981610 -061.14934197
112  13.15981610 -061.14934197  13.15972292 -061.14913731
111  13.15948999 -061.14923084
111  13.15945898 -061.14915415
111  13.16036094 -061.14880448
111  13.16038726 -061.14888649
112  13.16024573 -061.14917984  13.16030864 -061.14939518
111  13.16024573 -061.14917984
111  13.16046313 -061.14981774
112  13.16046313 -061.14981774  13.16053353 -061.14998233
113  13.16082868 -061.14997633
110 1 0.20 155.0000 C
111  13.16278788 -061.14921361
112  13.16284452 -061.14890989  13.16272170 -061.14874376
111  13.16284452 -061.14890989
111  13.16225132 -061.14865153
112  13.16225132 -061.14865153  13.16157581 -061.14838042
111  13.16091373 -061.14863191
111  13.16089027 -061.14859787
111  13.16278748 -061.14785585
111  13.16282498 -061.14795228
112  13.16282896 -061.14844054  13.16311203 -061.14871587
111  13.16282896 -061.14844054
111  13.16362572 -061.14882592
112  13.16362572 -061.14882592  13.16365693 -061.14883980
113  13.16375811 -061.14883589
110 1 0.20 20.8000 A
111  13.16496767 -061.14836500
111  13.16512914 -061.14879548
111  13.16299080 -061.14963741
111  13.16296675 -061.14956595
111  13.16089601 -061.15036229
111  13.16071065 -061.15043357
111  13.16074664 -061.15051943
111  13.16030546 -061.15069283
111  13.16026913 -061.15060664
111  13.15938030 -061.15096858
111  13.15940745 -061.15104578
111  13.15891792 -061.15123817
111  13.15875625 -061.15078314
111  13.15988637 -061.15034318
111  13.16082868 -061.14997633
111  13.16278788 -061.14921361
113  13.16375811 -061.14883589
110 2 0.25 50.8000 Turn Around Rw04
111  13.15020025 -061.15277401
111  13.14965469 -061.15343315
111  13.14872941 -061.15379448
113  13.14858509 -061.15340464
110 2 0.25 82.2000 Turn Around Rw22
111  13.17165981 -061.14439344
111  13.17180416 -061.14478327
111  13.17087878 -061.14514433
113  13.17001937 -061.14503409
110 2 0.00 21.0000 Fire and Rescue Apron
111  13.16139423 -061.14645150
111  13.16126611 -061.14636116
111  13.16107111 -061.14643616
111  13.16103510 -061.14632924
111  13.16082111 -061.14624616
111  13.16071286 -061.14595259
111  13.16110157 -061.14580902
111  13.16115977 -061.14596922
111  13.16167417 -061.14576293
111  13.16179174 -061.14610560
111  13.16152111 -061.14620616
111  13.16147111 -061.14643078
111  13.16186612 -061.14756435
111  13.16211091 -061.14767795
111  13.16174746 -061.14782126
113  13.16179614 -061.14758641
110 1 0.00 0.0000 Fuel Apron
111  13.16086210 -061.15318478
111  13.16077625 -061.15324702
111  13.16064841 -061.15317391
111  13.16063220 -061.15322758
111  13.16061251 -061.15337063
112  13.16060495 -061.15344875  13.16056022 -061.15349254
111  13.16060495 -061.15344875
112  13.16044442 -061.15340905  13.16035809 -061.15332574
111  13.16044442 -061.15340905
111  13.16009079 -061.15337355
111  13.16009155 -061.15333832
111  13.16056813 -061.15337735
111  13.16060097 -061.15307105
111  13.16038006 -061.15306553
111  13.16038401 -061.15302181
111  13.16060729 -061.15302728
111  13.16062309 -061.15287843
111  13.16081047 -061.15288847
111  13.16080901 -061.15303372
112  13.16086206 -061.15309031  13.16089621 -061.15310956
111  13.16086206 -061.15309031
112  13.16086206 -061.15309031  13.16088178 -061.15310048
111  13.16092070 -061.15310004
113  13.16091825 -061.15319152
110 5 0.00 0.0000 Fuel Depot
111  13.16013101 -061.15305931
111  13.16038006 -061.15306553
111  13.16060097 -061.15307105
111  13.16056813 -061.15337735
113  13.16009155 -061.15333832
110 2 0.25 21.0000 lib/airport/pavement/concrete_5D.pol
111  13.16004738 -061.15216384
111  13.16156704 -061.15156951
111  13.16170933 -061.15196047
111  13.16046363 -061.15243650
111  13.16050240 -061.15253591
111  13.16114203 -061.15228054
111  13.16117748 -061.15239458
111  13.16118259 -061.15255872
111  13.16111860 -061.15256146
112  13.16111860 -061.15256146  13.16115934 -061.15281782
111  13.16108169 -061.15309174
111  13.16094034 -061.15349436
111  13.16088603 -061.15347448
111  13.16095349 -061.15324446
112  13.16095349 -061.15324446  13.16096476 -061.15319105
111  13.16091825 -061.15319152
111  13.16092070 -061.15310004
112  13.16104753 -061.15298329  13.16107786 -061.15291831
111  13.16104753 -061.15298329
111  13.16105995 -061.15269305
111  13.16092330 -061.15258141
111  13.16050962 -061.15268351
111  13.16028906 -061.15279248
111  13.16027401 -061.15275333
111  13.16025890 -061.15271402
111  13.16024370 -061.15267448
111  13.16022869 -061.15263544
111  13.16021363 -061.15259628
111  13.16019851 -061.15255694
111  13.16018335 -061.15251752
111  13.16016826 -061.15247827
111  13.16015330 -061.15243934
111  13.16013814 -061.15239992
111  13.16012313 -061.15236087
111  13.16010803 -061.15232160
111  13.16009289 -061.15228222
111  13.16007787 -061.15224315
113  13.16006257 -061.15220334
110 1 0.25 21.0000 lib/airport/markings/colored_area_green.pol
111  13.16074664 -061.15051943
111  13.16071065 -061.15043357
111  13.16089601 -061.15036229
113  13.16092965 -061.15044739
110 1 0.25 21.0000 lib/airport/markings/colored_area_green.pol
111  13.15940745 -061.15104578
111  13.15938030 -061.15096858
111  13.16026913 -061.15060664
113  13.16030547 -061.15069283
110 1 0.25 21.0000 lib/airport/pavement/asphalt_4D.pol
111  13.16115977 -061.14596922
111  13.16110157 -061.14580902
111  13.16162045 -061.14561095
113  13.16167417 -061.14576292
110 1 0.25 0.0000 lib/airport/pavement/asphalt_3D.pol
111  13.16103256 -061.15351589
111  13.16094034 -061.15349436
111  13.16108169 -061.15309174
112  13.16108169 -061.15309174  13.16115681 -061.15279116
111  13.16111860 -061.15256146
111  13.16118259 -061.15255872
112  13.16105198 -061.15335641  13.16085227 -061.15380611
111  13.16105198 -061.15335641
114  13.16105198 -061.15335641  13.16101557 -061.15343118
110 1 0.25 21.0000 lib/airport/pavement/asphalt_3D.pol
111  13.16252039 -061.15119610
111  13.16252803 -061.15121622
111  13.16254291 -061.15125544
111  13.16255791 -061.15129498
111  13.16264783 -061.15153193
111  13.16264962 -061.15172205
111  13.16261744 -061.15169148
111  13.16114203 -061.15228054
111  13.16050240 -061.15253591
111  13.16046363 -061.15243650
111  13.16170853 -061.15195807
113  13.16156831 -061.15156867
110 1 0.25 0.0000 lib/airport/pavement/asphalt_4D.pol
111  13.16496647 -061.15044420
111  13.16506203 -061.15040688
111  13.16513634 -061.15061337
111  13.16508991 -061.15097331
111  13.16508575 -061.15102685
111  13.16511935 -061.15105332
111  13.16520325 -061.15105383
111  13.16517317 -061.15136852
111  13.16504264 -061.15142985
111  13.16503833 -061.15147145
112  13.16501137 -061.15154682  13.16499015 -061.15157886
111  13.16501137 -061.15154682
111  13.16418033 -061.15277708
111  13.16412436 -061.15274961
111  13.16474229 -061.15181102
112  13.16463595 -061.15169104  13.16450240 -061.15169232
111  13.16463595 -061.15169104
111  13.16330013 -061.15219169
112  13.16316699 -061.15221460  13.16310198 -061.15220303
111  13.16316699 -061.15221460
111  13.16272648 -061.15207017
112  13.16263662 -061.15189175  13.16265323 -061.15176193
111  13.16263662 -061.15189175
111  13.16264962 -061.15172205
111  13.16264783 -061.15153193
111  13.16255791 -061.15129498
111  13.16263018 -061.15126641
111  13.16264497 -061.15130572
111  13.16265978 -061.15134506
111  13.16313248 -061.15116045
111  13.16315473 -061.15121838
111  13.16460284 -061.15068318
111  13.16469988 -061.15094037
111  13.16502317 -061.15081080
111  13.16504936 -061.15081531
111  13.16506445 -061.15065302
113  13.16504504 -061.15066188
111  13.16498980 -061.15120754
112  13.16488620 -061.15115114  13.16478635 -061.15118960
111  13.16488620 -061.15115114
111  13.16471770 -061.15121652
111  13.16473268 -061.15126523
111  13.16479259 -061.15124087
111  13.16489244 -061.15149852
113  13.16496608 -061.15147032
112  13.16501726 -061.15093323  13.16500859 -061.15091276
111  13.16501726 -061.15093323
112  13.16501726 -061.15093323  13.16500426 -061.15089674
111  13.16495610 -061.15090503
111  13.16468525 -061.15101527
112  13.16464531 -061.15109090  13.16465485 -061.15111582
111  13.16469025 -061.15111653
113  13.16501476 -061.15098322
111  13.16493281 -061.15160189
112  13.16491288 -061.15157430  13.16487474 -061.15158854
111  13.16491288 -061.15157430
111  13.16475513 -061.15163305
112  13.16475513 -061.15163305  13.16473711 -061.15163922
111  13.16474819 -061.15165530
112  13.16479587 -061.15179239  13.16476911 -061.15190056
111  13.16479587 -061.15179239
113  13.16480107 -061.15179862
111  13.16310969 -061.15160398
111  13.16307953 -061.15166166
112  13.16307953 -061.15166166  13.16306393 -061.15171186
111  13.16311697 -061.15170438
111  13.16333332 -061.15162000
112  13.16333748 -061.15156125  13.16329587 -061.15153454
111  13.16333748 -061.15156125
113  13.16328755 -061.15153882
111  13.16289764 -061.15173250
111  13.16283174 -061.15176019
111  13.16277033 -061.15160791
111  13.16271791 -061.15162483
111  13.16271342 -061.15169866
111  13.16268646 -061.15187248
112  13.16275386 -061.15200014  13.16282725 -061.15202322
111  13.16286170 -061.15194323
113  13.16293060 -061.15176942
110 2 0.25 20.0000 lib/airport/pavement/concrete_3D.pol
111  13.16496647 -061.15044420
111  13.16504504 -061.15066188
111  13.16506445 -061.15065302
111  13.16504936 -061.15081531
111  13.16502317 -061.15081080
111  13.16469988 -061.15094037
111  13.16460284 -061.15068318
111  13.16315473 -061.15121838
113  13.16313248 -061.15116045
110 2 0.25 20.0000 lib/airport/pavement/concrete_5D.pol
111  13.16548840 -061.15024037
111  13.16529660 -061.15061645
111  13.16526215 -061.15098407
111  13.16508991 -061.15097331
111  13.16513634 -061.15061337
113  13.16506203 -061.15040688
110 2 0.25 21.0000 lib/airport/pavement/concrete_5D.pol
111  13.16510245 -061.14831356
111  13.16507015 -061.14822707
111  13.16555115 -061.14805908
111  13.16566997 -061.14839148
111  13.16533726 -061.14851500
111  13.16534985 -061.14888601
113  13.16531993 -061.14889607
110 1 0.25 20.0000 lib/airport/pavement/asphalt_1D.pol
111  13.15824356 -061.15179559
111  13.15819245 -061.15173885
111  13.15816288 -061.15165356
111  13.15820705 -061.15163814
111  13.15826846 -061.15169472
111  13.15830695 -061.15175738
111  13.15845134 -061.15217280
111  13.15851478 -061.15247323
111  13.15851075 -061.15252336
111  13.15844963 -061.15245223
111  13.15844586 -061.15242924
113  13.15838278 -061.15220143
110 1 0.25 110.0000 lib/airport/pavement/asphalt_2D.pol
111  13.16575070 -061.15004980
111  13.16561953 -061.15010164
111  13.16561877 -061.15009962
111  13.16560402 -061.15005986
111  13.16558925 -061.15002054
111  13.16557448 -061.14998120
111  13.16555969 -061.14994180
111  13.16554495 -061.14990278
111  13.16553007 -061.14986314
111  13.16551520 -061.14982353
111  13.16550053 -061.14978445
111  13.16548561 -061.14974473
111  13.16547094 -061.14970563
111  13.16545614 -061.14966620
111  13.16544156 -061.14962736
111  13.16542659 -061.14958751
111  13.16541199 -061.14954860
111  13.16539721 -061.14950924
111  13.16538238 -061.14946972
111  13.16536780 -061.14943088
111  13.16535302 -061.14939152
111  13.16533824 -061.14935215
111  13.16532341 -061.14931262
111  13.16530876 -061.14927362
111  13.16529376 -061.14923364
111  13.16527898 -061.14919428
111  13.16526417 -061.14915482
111  13.16524959 -061.14911599
111  13.16523468 -061.14907627
111  13.16521994 -061.14903701
111  13.16520533 -061.14899808
111  13.16519059 -061.14895881
111  13.16517554 -061.14891874
111  13.16512914 -061.14879549
111  13.16496767 -061.14836500
111  13.16510245 -061.14831356
113  13.16531993 -061.14889607
110 2 0.25 20.0000 lib/airport/pavement/concrete_5D.pol
111  13.16027401 -061.15275333
111  13.16028906 -061.15279248
111  13.16019485 -061.15282928
111  13.15991316 -061.15291872
113  13.15979367 -061.15294074
110 2 0.25 20.0000 lib/airport/pavement/concrete_3D.pol
111  13.16025890 -061.15271402
111  13.16027401 -061.15275333
111  13.15979367 -061.15294074
113  13.15972276 -061.15292339
110 2 0.25 20.0000 lib/airport/pavement/concrete_5D.pol
111  13.16024370 -061.15267448
111  13.16025890 -061.15271402
111  13.15972278 -061.15292321
113  13.15967058 -061.15289838
110 2 0.25 20.0000 lib/airport/pavement/concrete_3D.pol
111  13.16022869 -061.15263544
111  13.16024370 -061.15267448
111  13.15967058 -061.15289838
113  13.15962288 -061.15287197
110 2 0.25 20.0000 lib/airport/pavement/concrete_5D.pol
111  13.16021363 -061.15259628
111  13.16022869 -061.15263544
111  13.15962284 -061.15287194
113  13.15957130 -061.15284686
110 2 0.25 20.0000 lib/airport/pavement/concrete_3D.pol
111  13.16019851 -061.15255694
111  13.16021363 -061.15259628
111  13.15957137 -061.15284683
113  13.15952560 -061.15281967
110 2 0.25 20.0000 lib/airport/pavement/concrete_5D.pol
111  13.16018335 -061.15251752
111  13.16019851 -061.15255694
111  13.15952560 -061.15281967
113  13.15947645 -061.15279348
110 2 0.25 20.0000 lib/airport/pavement/concrete_3D.pol
111  13.16016826 -061.15247827
111  13.16018335 -061.15251752
111  13.15947645 -061.15279348
113  13.15944253 -061.15276168
110 2 0.25 20.0000 lib/airport/pavement/concrete_5D.pol
111  13.16015330 -061.15243934
111  13.16016826 -061.15247827
111  13.15944253 -061.15276168
113  13.15941837 -061.15272670
110 2 0.25 20.0000 lib/airport/pavement/concrete_3D.pol
111  13.16013814 -061.15239992
111  13.16015330 -061.15243934
111  13.15941837 -061.15272670
113  13.15939680 -061.15268960
110 2 0.25 20.0000 lib/airport/pavement/concrete_5D.pol
111  13.16012313 -061.15236087
111  13.16013814 -061.15239992
111  13.15939680 -061.15268960
113  13.15937473 -061.15265344
110 2 0.25 20.0000 lib/airport/pavement/concrete_3D.pol
111  13.16010803 -061.15232160
111  13.16012313 -061.15236087
111  13.15937473 -061.15265344
113  13.15935120 -061.15261708
110 2 0.25 20.0000 lib/airport/pavement/concrete_5D.pol
111  13.16009289 -061.15228222
111  13.16010803 -061.15232160
111  13.15935120 -061.15261708
113  13.15933146 -061.15257956
110 2 0.25 20.0000 lib/airport/pavement/concrete_3D.pol
111  13.16007787 -061.15224315
111  13.16009289 -061.15228222
111  13.15933146 -061.15257956
113  13.15931350 -061.15254135
110 2 0.25 20.0000 lib/airport/pavement/concrete_5D.pol
111  13.16006257 -061.15220334
111  13.16007787 -061.15224315
111  13.15931350 -061.15254135
113  13.15930172 -061.15250049
110 2 0.25 20.0000 lib/airport/pavement/concrete_3D.pol
111  13.16004738 -061.15216384
111  13.16006257 -061.15220334
111  13.15930150 -061.15250083
113  13.15928770 -061.15246069
110 2 0.25 20.0000 lib/airport/pavement/concrete_5D.pol
111  13.16563361 -061.15013844
111  13.16564068 -061.15015915
111  13.16549763 -061.15021290
111  13.16548840 -061.15024037
111  13.16506203 -061.15040688
111  13.16496647 -061.15044420
111  13.16313248 -061.15116045
111  13.16265978 -061.15134506
111  13.16264497 -061.15130572
111  13.16323977 -061.15107341
111  13.16325268 -061.15110997
111  13.16329585 -061.15109246
111  13.16328293 -061.15105655
111  13.16337297 -061.15102144
111  13.16338475 -061.15105424
111  13.16342652 -061.15103697
111  13.16341552 -061.15100476
111  13.16378199 -061.15086163
111  13.16379396 -061.15089517
111  13.16383637 -061.15087877
111  13.16382461 -061.15084498
111  13.16392257 -061.15080673
111  13.16393529 -061.15084128
111  13.16397847 -061.15082430
113  13.16396597 -061.15078977
110 2 0.25 20.0000 lib/airport/pavement/concrete_3D.pol
111  13.16561877 -061.15009962
111  13.16561953 -061.15010164
111  13.16563361 -061.15013844
111  13.16396597 -061.15078977
111  13.16395812 -061.15077073
111  13.16391648 -061.15078785
111  13.16392270 -061.15080667
111  13.16382461 -061.15084498
111  13.16381533 -061.15082162
111  13.16377319 -061.15083977
111  13.16378199 -061.15086163
111  13.16341552 -061.15100476
111  13.16340276 -061.15097095
111  13.16335892 -061.15098787
111  13.16337219 -061.15102169
111  13.16328293 -061.15105655
111  13.16326998 -061.15102318
111  13.16322705 -061.15104093
111  13.16323977 -061.15107341
111  13.16264497 -061.15130572
111  13.16263018 -061.15126641
113  13.16335659 -061.15098288
110 2 0.25 20.0000 lib/airport/pavement/concrete_5D.pol
111  13.16560402 -061.15005986
111  13.16561901 -061.15009962
111  13.16255815 -061.15129498
113  13.16254291 -061.15125544
110 2 0.25 20.0000 lib/airport/pavement/concrete_3D.pol
111  13.16558925 -061.15002054
111  13.16560402 -061.15005986
111  13.16254291 -061.15125544
113  13.16252803 -061.15121622
110 2 0.25 20.0000 lib/airport/pavement/concrete_5D.pol
111  13.16557448 -061.14998120
111  13.16558925 -061.15002054
111  13.16252803 -061.15121622
111  13.16252039 -061.15119610
111  13.16156831 -061.15156867
111  13.16004738 -061.15216384
111  13.15928770 -061.15246069
113  13.15927954 -061.15243929
110 2 0.25 20.0000 lib/airport/pavement/concrete_3D.pol
111  13.16555969 -061.14994180
111  13.16557448 -061.14998120
111  13.15927954 -061.15243929
113  13.15927289 -061.15239874
110 2 0.25 20.0000 lib/airport/pavement/concrete_5D.pol
111  13.16554495 -061.14990278
111  13.16555969 -061.14994180
111  13.15927289 -061.15239874
113  13.15927436 -061.15235261
110 2 0.25 20.0000 lib/airport/pavement/concrete_3D.pol
111  13.16553007 -061.14986314
111  13.16554495 -061.14990278
111  13.15927436 -061.15235261
113  13.15927737 -061.15230575
110 2 0.25 20.0000 lib/airport/pavement/concrete_5D.pol
111  13.16551520 -061.14982353
111  13.16553007 -061.14986314
111  13.15927737 -061.15230575
111  13.15927403 -061.15226147
113  13.15929871 -061.15225158
110 2 0.25 20.0000 lib/airport/pavement/concrete_3D.pol
111  13.16550053 -061.14978445
111  13.16551520 -061.14982353
111  13.15929871 -061.15225158
113  13.15928432 -061.15221215
110 2 0.25 20.0000 lib/airport/pavement/concrete_5D.pol
111  13.16548561 -061.14974473
111  13.16550053 -061.14978445
111  13.15928432 -061.15221215
113  13.15926954 -061.15217281
110 2 0.25 20.0000 lib/airport/pavement/concrete_3D.pol
111  13.16547094 -061.14970563
111  13.16548561 -061.14974473
111  13.15926954 -061.15217281
113  13.15925424 -061.15213362
110 2 0.25 20.0000 lib/airport/pavement/concrete_5D.pol
111  13.16545614 -061.14966620
111  13.16547094 -061.14970563
111  13.15925424 -061.15213362
113  13.15923946 -061.15209428
110 2 0.25 20.0000 lib/airport/pavement/concrete_3D.pol
111  13.16544156 -061.14962736
111  13.16545614 -061.14966620
111  13.15923946 -061.15209428
113  13.15922508 -061.15205485
110 2 0.25 20.0000 lib/airport/pavement/concrete_5D.pol
111  13.16542647 -061.14958773
111  13.16544156 -061.14962736
111  13.15922508 -061.15205485
113  13.15921030 -061.15201552
110 2 0.25 20.0000 lib/airport/pavement/concrete_3D.pol
111  13.16541199 -061.14954860
111  13.16542647 -061.14958773
111  13.15921030 -061.15201552
113  13.15919603 -061.15197587
110 2 0.25 20.0000 lib/airport/pavement/concrete_5D.pol
111  13.16539721 -061.14950924
111  13.16541199 -061.14954860
111  13.15919603 -061.15197587
113  13.15918125 -061.15193653
110 2 0.25 20.0000 lib/airport/pavement/concrete_3D.pol
111  13.16538238 -061.14946972
111  13.16539721 -061.14950924
111  13.15918125 -061.15193653
113  13.15916686 -061.15189710
110 2 0.25 20.0000 lib/airport/pavement/concrete_5D.pol
111  13.16536780 -061.14943088
111  13.16538238 -061.14946972
111  13.15916686 -061.15189710
113  13.15915208 -061.15185777
110 2 0.25 20.0000 lib/airport/pavement/concrete_3D.pol
111  13.16535302 -061.14939152
111  13.16536780 -061.14943088
111  13.15915208 -061.15185777
113  13.15913678 -061.15181857
110 2 0.25 20.0000 lib/airport/pavement/concrete_5D.pol
111  13.16533824 -061.14935215
111  13.16535302 -061.14939152
111  13.15913678 -061.15181857
113  13.15912200 -061.15177924
110 2 0.25 20.0000 lib/airport/pavement/concrete_3D.pol
111  13.16532341 -061.14931262
111  13.16533824 -061.14935215
111  13.15912200 -061.15177924
113  13.15910762 -061.15173980
110 2 0.25 20.0000 lib/airport/pavement/concrete_5D.pol
111  13.16530876 -061.14927362
111  13.16532341 -061.14931262
111  13.15910762 -061.15173980
113  13.15909284 -061.15170047
110 2 0.25 20.0000 lib/airport/pavement/concrete_3D.pol
111  13.16529376 -061.14923364
111  13.16530876 -061.14927362
111  13.15909284 -061.15170047
113  13.15907779 -061.15166103
110 2 0.25 20.0000 lib/airport/pavement/concrete_5D.pol
111  13.16527898 -061.14919428
111  13.16529376 -061.14923364
111  13.15907779 -061.15166103
113  13.15906301 -061.15162170
110 2 0.25 20.0000 lib/airport/pavement/concrete_3D.pol
111  13.16526417 -061.14915482
111  13.16527898 -061.14919428
111  13.15906301 -061.15162170
113  13.15904863 -061.15158226
110 2 0.25 20.0000 lib/airport/pavement/concrete_5D.pol
111  13.16524959 -061.14911599
111  13.16526417 -061.14915482
111  13.15904863 -061.15158226
113  13.15903385 -061.15154293
110 2 0.25 20.0000 lib/airport/pavement/concrete_3D.pol
111  13.16523468 -061.14907627
111  13.16524959 -061.14911599
111  13.15903385 -061.15154293
113  13.15901855 -061.15150373
110 2 0.25 20.0000 lib/airport/pavement/concrete_5D.pol
111  13.16521994 -061.14903701
111  13.16523468 -061.14907627
111  13.15901855 -061.15150373
113  13.15900377 -061.15146440
110 2 0.25 20.0000 lib/airport/pavement/concrete_3D.pol
111  13.16520533 -061.14899808
111  13.16521994 -061.14903701
111  13.15900377 -061.15146440
113  13.15898938 -061.15142496
110 2 0.25 20.0000 lib/airport/pavement/concrete_5D.pol
111  13.16519059 -061.14895881
111  13.16520533 -061.14899808
111  13.15898938 -061.15142496
113  13.15897460 -061.15138563
110 2 0.25 20.0000 lib/airport/pavement/concrete_3D.pol
111  13.16517554 -061.14891874
111  13.16519059 -061.14895881
111  13.15897460 -061.15138563
113  13.15896017 -061.15134613
110 1 0.25 20.0000 lib/airport/pavement/asphalt_2D.pol
111  13.15896017 -061.15134613
111  13.15891792 -061.15123817
111  13.15940745 -061.15104578
111  13.16030547 -061.15069283
111  13.16074664 -061.15051943
111  13.16299080 -061.14963741
111  13.16512914 -061.14879549
113  13.16517554 -061.14891874
130 Airport Boundary
111  13.14806199 -061.15478412
111  13.14760132 -061.15459246
111  13.14690959 -061.15283510
111  13.14688165 -061.15246643
111  13.14714744 -061.15225331
111  13.16103778 -061.14683794
111  13.16067432 -061.14592815
111  13.16164459 -061.14557227
111  13.16194322 -061.14646834
111  13.17135971 -061.14278660
111  13.17200454 -061.14274649
111  13.17311904 -061.14293337
111  13.17347659 -061.14320862
111  13.17375281 -061.14384110
111  13.17382182 -061.14453034
111  13.17361617 -061.14491231
111  13.16555835 -061.14804458
111  13.16568978 -061.14841238
111  13.16535487 -061.14854002
111  13.16537599 -061.14898170
111  13.16582632 -061.15017604
111  13.16549239 -061.15030224
111  13.16537506 -061.15053868
111  13.16529996 -061.15151144
111  13.16326722 -061.15228283
111  13.16225594 -061.15193445
111  13.16119283 -061.15230301
111  13.16122484 -061.15299976
111  13.16100082 -061.15368994
111  13.15990204 -061.15345882
111  13.15998152 -061.15299813
111  13.15945143 -061.15286894
111  13.15895751 -061.15171478
111  13.15864277 -061.15178961
111  13.15781158 -061.15217172
113  13.15743091 -061.15122856
120 RH
111  13.16267619 -061.14840296 54
115  13.16256687 -061.14865948
120 RH
111  13.16018809 -061.14936513 54
115  13.15997169 -061.14945508
120 TL
111  13.16537846 -061.15009305 60
111  13.16539385 -061.15008705 60
115  13.16540793 -061.15008157
120 TL
111  13.16535492 -061.15002721 60
111  13.16536936 -061.15002159 60
115  13.16538439 -061.15001573
120 TL
111  13.16536339 -061.15005113 60
111  13.16537822 -061.15004535 60
115  13.16539286 -061.15003964
120 TL
111  13.16489110 -061.15030698 60
111  13.16490547 -061.15030138 60
115  13.16492057 -061.15029549
120 TL
111  13.16486757 -061.15024114 60
111  13.16488114 -061.15023585 60
115  13.16489704 -061.15022965
120 TL
111  13.16487604 -061.15026505 60
111  13.16488994 -061.15025963 60
115  13.16490550 -061.15025357
120 TL
111  13.16426410 -061.15054074 60
111  13.16427938 -061.15053478 60
115  13.16429357 -061.15052925
120 TL
111  13.16424056 -061.15047490 60
111  13.16425501 -061.15046927 60
115  13.16427003 -061.15046342
120 TL
111  13.16424903 -061.15049881 60
111  13.16426383 -061.15049305 60
115  13.16427850 -061.15048733
120 TL
111  13.15979920 -061.15179236 60
111  13.15980997 -061.15178917 60
115  13.15981971 -061.15178635
120 TL
111  13.15978974 -061.15176002 60
111  13.15979957 -061.15175699 60
115  13.15980890 -061.15175424
120 TL
111  13.15942408 -061.15202588 60
111  13.15943486 -061.15202160 60
115  13.15944420 -061.15201788
120 TL
111  13.15941308 -061.15199392 60
111  13.15942298 -061.15198998 60
115  13.15943320 -061.15198592
120 TL
111  13.16284089 -061.15029586 60
111  13.16283826 -061.15028925 60
115  13.16283585 -061.15028323
120 TL
111  13.16236771 -061.15036989 51
112  13.16241615 -061.15040712  13.16244947 -061.15042121
111  13.16241615 -061.15040712
112  13.16241615 -061.15040712  13.16243422 -061.15041476
112  13.16248690 -061.15041690  13.16251617 -061.15041407
111  13.16248690 -061.15041690
112  13.16248690 -061.15041690  13.16250288 -061.15041536 51
112  13.16254015 -061.15040446  13.16255969 -061.15039743
111  13.16254015 -061.15040446 51
111  13.16260033 -061.15038119 60
111  13.16283826 -061.15028925 60
111  13.16287445 -061.15027525
112  13.16287445 -061.15027525  13.16296690 -061.15023297 51
115  13.16294860 -061.15012534
120 TL
111  13.16515962 -061.14946004 51
112  13.16510978 -061.14935250  13.16507359 -061.14929414
111  13.16510978 -061.14935250
112  13.16510978 -061.14935250  13.16509778 -061.14933314
112  13.16506601 -061.14929285  13.16504873 -061.14927293
111  13.16506601 -061.14929285
112  13.16506601 -061.14929285  13.16501359 -061.14923244 51
112  13.16482238 -061.14916464  13.16470937 -061.14915315
111  13.16482238 -061.14916464 51
111  13.16441541 -061.14930859
112  13.16441541 -061.14930859  13.16429788 -061.14935452 51
115  13.16414027 -061.14930017
120 TL
111  13.16264375 -061.14770207 51
111  13.16213098 -061.14790232 51
116  13.16226552 -061.14841179  13.16268121 -061.14862980
120 TL
111  13.15915216 -061.14906562 51
111  13.15966493 -061.14886537 51
112  13.15993401 -061.14899246  13.16005384 -061.14916806
111  13.15993401 -061.14899246
112  13.15993401 -061.14899246  13.15987161 -061.14880019 51
111  13.16004919 -061.14871539 51
111  13.16102879 -061.14833276 51
112  13.16226552 -061.14841179  13.16293502 -061.14868559
111  13.16226552 -061.14841179 51
111  13.16260261 -061.14856499
111  13.16261065 -061.14856864 57
111  13.16284445 -061.14867489 51
111  13.16322503 -061.14884786 51
111  13.16362678 -061.14904640 51
111  13.16385374 -061.14915856 51
111  13.16414027 -061.14930017 51
111  13.16442127 -061.14943903
112  13.16442127 -061.14943903  13.16445989 -061.14946049 51
112  13.16452389 -061.14950936  13.16455366 -061.14953395
111  13.16452389 -061.14950936
112  13.16452389 -061.14950936  13.16454311 -061.14952523
112  13.16457597 -061.14955673  13.16459146 -061.14957221
111  13.16457597 -061.14955673
112  13.16457597 -061.14955673  13.16463927 -061.14961998 51
115  13.16467140 -061.14967438
120 TL
111  13.16294907 -061.15057999 60
111  13.16294643 -061.15057338 60
115  13.16294403 -061.15056736
120 TL
111  13.16247837 -061.15064021 51
112  13.16254282 -061.15069280  13.16258597 -061.15070949
111  13.16254282 -061.15069280
112  13.16254282 -061.15069280  13.16256200 -061.15070022
112  13.16261336 -061.15069883  13.16264122 -061.15069382
111  13.16261336 -061.15069883
112  13.16261336 -061.15069883  13.16262433 -061.15069686 51
112  13.16264832 -061.15068859  13.16266065 -061.15068364
111  13.16264832 -061.15068859 51
111  13.16270851 -061.15066533 60
111  13.16294643 -061.15057338 60
111  13.16298262 -061.15055939
112  13.16298262 -061.15055939  13.16307508 -061.15051710 51
115  13.16305614 -061.15040774
120 TL
111  13.16342251 -061.15009101 60
111  13.16341988 -061.15008440 60
115  13.16341748 -061.15007838
120 TL
111  13.16294860 -061.15012534 51
112  13.16301870 -061.15019179  13.16306385 -061.15021536
111  13.16301870 -061.15019179
112  13.16301870 -061.15019179  13.16303814 -061.15020194
112  13.16308788 -061.15020654  13.16311443 -061.15020457
111  13.16308788 -061.15020654
112  13.16308788 -061.15020654  13.16309863 -061.15020574 51
112  13.16312177 -061.15019961  13.16313360 -061.15019568
111  13.16312177 -061.15019961 51
111  13.16318195 -061.15017635 60
111  13.16341988 -061.15008440 60
111  13.16345607 -061.15007041
112  13.16345607 -061.15007041  13.16354853 -061.15002812 51
115  13.16353005 -061.14991999
120 TL
111  13.16353069 -061.15037515 60
111  13.16352805 -061.15036854 60
115  13.16352565 -061.15036252
120 TL
111  13.16305614 -061.15040774 51
112  13.16312818 -061.15047616  13.16317446 -061.15050007
111  13.16312818 -061.15047616
112  13.16312818 -061.15047616  13.16314754 -061.15048616
112  13.16319664 -061.15049058  13.16322279 -061.15048860
111  13.16319664 -061.15049058
112  13.16319664 -061.15049058  13.16320722 -061.15048978 51
112  13.16322994 -061.15048375  13.16324155 -061.15047989
111  13.16322994 -061.15048375 51
111  13.16329013 -061.15046049 60
111  13.16352805 -061.15036854 60
111  13.16356424 -061.15035454
112  13.16356424 -061.15035454  13.16365670 -061.15031226 51
115  13.16363759 -061.15020239
120 RM
111  13.16434412 -061.14980821 82
111  13.16446670 -061.15013726 82
111  13.16433566 -061.15037671 82
111  13.16439771 -061.15054284 82
111  13.16420234 -061.15061984 82
111  13.16414034 -061.15045279 82
111  13.16388747 -061.15036630 82
115  13.16376393 -061.15003608
120 RM
111  13.16495880 -061.14956826 82
111  13.16508138 -061.14989730 82
111  13.16495035 -061.15013676 82
111  13.16501240 -061.15030289 82
111  13.16481702 -061.15037989 82
111  13.16475502 -061.15021283 82
111  13.16450215 -061.15012635 82
115  13.16437862 -061.14979612
120 TL
111  13.16306932 -061.15087507 60
111  13.16306679 -061.15086873 60
115  13.16306428 -061.15086244
120 TL
111  13.16364394 -061.15067266 60
111  13.16364131 -061.15066606 60
115  13.16363890 -061.15066004
120 TL
111  13.15980997 -061.15178917 60
111  13.15979957 -061.15175699 60
115  13.15965540 -061.15131114
120 TL
111  13.16041384 -061.15084832 51
112  13.16054937 -061.15063671  13.16052815 -061.15051750
111  13.16054937 -061.15063671
112  13.16054937 -061.15063671  13.16061428 -061.15074054 51
115  13.16076204 -061.15071175
120 TL
111  13.16316973 -061.15070605 51
112  13.16323893 -061.15077255  13.16328346 -061.15079652
111  13.16323893 -061.15077255
112  13.16323893 -061.15077255  13.16325833 -061.15078299
112  13.16330805 -061.15078825  13.16333460 -061.15078659
111  13.16330805 -061.15078825
112  13.16330805 -061.15078825  13.16331918 -061.15078755 51
112  13.16334320 -061.15078127  13.16335549 -061.15077718
111  13.16334320 -061.15078127 51
111  13.16340338 -061.15075800 60
111  13.16364131 -061.15066606 60
111  13.16367750 -061.15065206
112  13.16367750 -061.15065206  13.16376995 -061.15060978 51
111  13.16375119 -061.15050070 51
111  13.16363759 -061.15020239 51
111  13.16353005 -061.14991999 51
115  13.16348339 -061.14979745
120 TL
111  13.16230935 -061.15022732 51
111  13.16236771 -061.15036989 51
111  13.16247837 -061.15064021 51
111  13.16258920 -061.15091093 51
112  13.16266885 -061.15098318  13.16272013 -061.15100555
111  13.16266885 -061.15098318
112  13.16266885 -061.15098318  13.16268896 -061.15099195
112  13.16273941 -061.15099214  13.16276622 -061.15098780
111  13.16273941 -061.15099214
112  13.16273941 -061.15099214  13.16274662 -061.15099097 51
112  13.16276174 -061.15098661  13.16276941 -061.15098406
111  13.16276174 -061.15098661 51
111  13.16282881 -061.15096069 60
111  13.16306679 -061.15086873 60
111  13.16309604 -061.15085740
112  13.16309604 -061.15085740  13.16318850 -061.15081512 51
111  13.16316973 -061.15070605 51
111  13.16305614 -061.15040774 51
111  13.16294860 -061.15012534 51
115  13.16290193 -061.15000280
120 TL
111  13.16275174 -061.14993133 51
112  13.16290193 -061.15000280  13.16296930 -061.15009839
111  13.16290193 -061.15000280
112  13.16290193 -061.15000280  13.16288168 -061.14989182 51
115  13.16296718 -061.14984683
120 TL
111  13.16216750 -061.15016049 51
112  13.16230935 -061.15022732  13.16236804 -061.15031490
111  13.16230935 -061.15022732
112  13.16230935 -061.15022732  13.16227956 -061.15012703 51
115  13.16236177 -061.15008429
120 TL
111  13.15946422 -061.15122078 51
112  13.15965540 -061.15131114  13.15972884 -061.15142364
111  13.15965540 -061.15131114
112  13.15965540 -061.15131114  13.15961869 -061.15118504 51
115  13.15973793 -061.15111343
120 TL
111  13.16322503 -061.14884786 51
112  13.16312618 -061.14978446  13.16254385 -061.15025145
111  13.16312618 -061.14978446 51
111  13.16296718 -061.14984683 51
111  13.16275174 -061.14993133 51
111  13.16236177 -061.15008429 51
111  13.16216750 -061.15016049 51
111  13.16099000 -061.15062233 51
111  13.16076204 -061.15071175 51
111  13.16058071 -061.15078287 51
111  13.16041384 -061.15084832 51
111  13.16017664 -061.15094135 51
111  13.15973793 -061.15111343 51
111  13.15946422 -061.15122078 51
115  13.15935365 -061.15126415
120 TL
111  13.16312618 -061.14978446 51
112  13.16318977 -061.14949795  13.16313024 -061.14935176 51
115  13.16294580 -061.14936348
120 TL
112  13.16335486 -061.14920319  13.16372331 -061.14916627 51
115  13.16391526 -061.14950440
120 TL
111  13.16362678 -061.14904640 51
112  13.16391526 -061.14950440  13.16404706 -061.14987510
111  13.16391526 -061.14950440 51
111  13.16397829 -061.14969999
111  13.16400012 -061.14976775 51
115  13.16404527 -061.14990785
120 TL
111  13.16065111 -061.15024035 51
112  13.16050418 -061.15051595  13.16054665 -061.15068864
111  13.16050418 -061.15051595
112  13.16050418 -061.15051595  13.16042097 -061.15035305 51
111  13.16018141 -061.15041983 51
112  13.16035558 -061.15011889  13.16031051 -061.14993107
111  13.16035558 -061.15011889
114  13.16035558 -061.15011889  13.16044832 -061.15028712 51
120 TL
111  13.16054937 -061.15063671 51
111  13.16050418 -061.15051595 51
111  13.16035558 -061.15011889 51
111  13.16024534 -061.14982433 57
111  13.16009051 -061.14941063
111  13.16008729 -061.14940202 51
115  13.15993401 -061.14899246
120 TL
111  13.16385374 -061.14915856 51
112  13.16350996 -061.14914242  13.16333522 -061.14919112
111  13.16350996 -061.14914242 51
111  13.16335486 -061.14920319 51
111  13.16294580 -061.14936348 51
111  13.16065111 -061.15024035 51
111  13.16018141 -061.15041983 51
111  13.15926613 -061.15080539 51
112  13.15914444 -061.15118671  13.15925303 -061.15148280
111  13.15914444 -061.15118671
112  13.15914444 -061.15118671  13.15918313 -061.15128797 51
111  13.15935365 -061.15126415
112  13.15935365 -061.15126415  13.15920491 -061.15136243 51
111  13.15925398 -061.15154130 60
111  13.15942298 -061.15198998 60
115  13.15943486 -061.15202160
120 PL
111  13.16539372 -061.15008703 60
111  13.16537849 -061.15004530 60
111  13.16536936 -061.15002159 60
115  13.16515962 -061.14946004
120 PL
111  13.16490547 -061.15030138 60
111  13.16488994 -061.15025963 60
111  13.16488114 -061.15023585 60
115  13.16467140 -061.14967438
120 PL
111  13.16427938 -061.15053478 60
111  13.16426383 -061.15049305 60
111  13.16425501 -061.15046927 60
115  13.16404527 -061.14990785
120 PL
111  13.16124072 -061.15089562 1
111  13.16123427 -061.15087821 1
111  13.16122782 -061.15086080
111  13.16127599 -061.15086192 1
115  13.16123427 -061.15087821
120 PL
111  13.16130368 -061.15106646 1
111  13.16129723 -061.15104905 1
111  13.16129077 -061.15103163
111  13.16133894 -061.15103276 1
115  13.16129723 -061.15104905
120 PL
111  13.16136674 -061.15123674 1
111  13.16136029 -061.15121933 1
111  13.16135384 -061.15120192
111  13.16140200 -061.15120304 1
115  13.16136029 -061.15121933
120 PL
111  13.16142976 -061.15140693 1
111  13.16142331 -061.15138952 1
111  13.16141685 -061.15137210
111  13.16146502 -061.15137323 1
115  13.16142331 -061.15138952
120 PL
111  13.16085373 -061.15110976 1
111  13.16084728 -061.15109235 1
111  13.16084083 -061.15107494
111  13.16088900 -061.15107606 1
115  13.16084728 -061.15109235
120 PL
111  13.16091685 -061.15128032 1
111  13.16091040 -061.15126290 1
111  13.16090395 -061.15124549
111  13.16095212 -061.15124662 1
115  13.16091040 -061.15126290
120 PL
111  13.16098001 -061.15145071 1
111  13.16097356 -061.15143329 1
111  13.16096710 -061.15141588
111  13.16101527 -061.15141701 1
115  13.16097356 -061.15143329
120 PL
111  13.16044719 -061.15126649 1
111  13.16044074 -061.15124908 1
111  13.16043429 -061.15123166
111  13.16048246 -061.15123279 1
115  13.16044074 -061.15124908
120 PL
111  13.16050997 -061.15143664 1
111  13.16050352 -061.15141922 1
111  13.16049707 -061.15140181
111  13.16054524 -061.15140294 1
115  13.16050352 -061.15141922
120 PL
111  13.16057301 -061.15160695 1
111  13.16056656 -061.15158954 1
111  13.16056011 -061.15157213
111  13.16060827 -061.15157326 1
115  13.16056656 -061.15158954
120 PL
111  13.16063606 -061.15177750 1
111  13.16062961 -061.15176009 1
111  13.16062316 -061.15174268
111  13.16067133 -061.15174380 1
115  13.16062961 -061.15176009
120 PL
111  13.16101778 -061.15110309 1
111  13.16102422 -061.15112049 1
111  13.16103066 -061.15113789
111  13.16098253 -061.15113677 1
115  13.16102422 -061.15112049
120 PL
111  13.16108065 -061.15127348 1
111  13.16108709 -061.15129088 1
111  13.16109353 -061.15130828
111  13.16104540 -061.15130716 1
115  13.16108709 -061.15129088
120 PL
111  13.16114374 -061.15144358 1
111  13.16115018 -061.15146098 1
111  13.16115662 -061.15147838
111  13.16110849 -061.15147726 1
115  13.16115018 -061.15146098
120 PL
111  13.16061038 -061.15126014 1
111  13.16061682 -061.15127754 1
111  13.16062327 -061.15129493
111  13.16057514 -061.15129381 1
115  13.16061682 -061.15127754
120 PL
111  13.16067353 -061.15143046 1
111  13.16067998 -061.15144786 1
111  13.16068642 -061.15146526
111  13.16063829 -061.15146414 1
115  13.16067998 -061.15144786
120 PL
111  13.16073659 -061.15160134 1
111  13.16074303 -061.15161874 1
111  13.16074947 -061.15163614
111  13.16070134 -061.15163501 1
115  13.16074303 -061.15161874
120 Linear Feature 251
111  13.16036929 -061.15062674 19
111  13.16030102 -061.15065933
111  13.16029478 -061.15054077 19
111  13.16027814 -061.15059631
111  13.16020637 -061.15053649 19
111  13.16021990 -061.15060165
111  13.15999731 -061.15062302 19
111  13.16002227 -061.15068497
111  13.15979137 -061.15070954 19
111  13.15981425 -061.15077042
111  13.15957903 -061.15079574 19
111  13.15960774 -061.15085598
111  13.15937309 -061.15087905 19
111  13.15940679 -061.15093545
111  13.15928821 -061.15097647 19
111  13.15935312 -061.15098801
111  13.15931317 -061.15110081 19
111  13.15936560 -061.15104953
111  13.15946794 -061.15111234 19
111  13.15943674 -061.15104697
111  13.15966515 -061.15103031 19
111  13.15963769 -061.15096493
111  13.15987609 -061.15094699 19
111  13.15985362 -061.15088418
111  13.16007664 -061.15086100 19
111  13.16005583 -061.15080012
111  13.16027842 -061.15078089 19
111  13.16025450 -061.15073709
111  13.16034187 -061.15071253 19
115  13.16029922 -061.15069864
120 Linear Feature 250
111  13.15956162 -061.14913518 19
111  13.15954934 -061.14920045
111  13.15967864 -061.14913592 19
111  13.15965480 -061.14920045
111  13.15978987 -061.14917449 19
111  13.15974581 -061.14923309
111  13.15987612 -061.14925867 19
111  13.15982220 -061.14930044
111  13.15993199 -061.14936794 19
111  13.15987421 -061.14939168
111  13.16000233 -061.14954351 19
111  13.15994093 -061.14957194
111  13.16007284 -061.14972198 19
111  13.16001000 -061.14974943
111  13.16014291 -061.14989704 19
111  13.16008296 -061.14992449
111  13.16016746 -061.15001425 19
111  13.16010607 -061.15002092
111  13.16010242 -061.15025315 19
111  13.16005909 -061.15022645
111  13.16000997 -061.15035403 19
111  13.15997169 -061.15029692
111  13.15990798 -061.15041317 19
111  13.15988302 -061.15035442
111  13.15962885 -061.15052910 19
111  13.15960285 -061.15046501
111  13.15935842 -061.15063912 19
111  13.15933450 -061.15057503
111  13.15908957 -061.15075218 19
115  13.15906212 -061.15068168
120 Linear Feature 249
111  13.16103509 -061.14854489 19
111  13.16104833 -061.14859249
111  13.16114765 -061.14850100 19
111  13.16116270 -061.14855725
111  13.16126442 -061.14846638 19
111  13.16127827 -061.14853067
111  13.16137895 -061.14844113 19
111  13.16139455 -061.14851324
111  13.16150896 -061.14842867 19
111  13.16151590 -061.14850433
111  13.16164836 -061.14842306 19
111  13.16163796 -061.14849890
111  13.16177733 -061.14842733 19
111  13.16175237 -061.14850531
111  13.16214043 -061.14849793 19
111  13.16210611 -061.14857590
111  13.16225589 -061.14853425 19
111  13.16222780 -061.14861329
111  13.16237492 -061.14858591 19
111  13.16233955 -061.14866068
111  13.16248621 -061.14863397 19
111  13.16245501 -061.14870447
111  13.16266744 -061.14871193 19
111  13.16263520 -061.14878670
111  13.16283901 -061.14878630 19
111  13.16279047 -061.14886019
111  13.16291441 -061.14885484 19
111  13.16286761 -061.14890825
111  13.16297824 -061.14897668 19
111  13.16290803 -061.14899270
111  13.16297131 -061.14910664 19
111  13.16290630 -061.14908884
111  13.16290976 -061.14921613 19
111  13.16286123 -061.14918141
111  13.16280308 -061.14929481 19
111  13.16277882 -061.14923962
111  13.16254045 -061.14939361 19
111  13.16252052 -061.14934109
112  13.16229052 -061.14948840  13.16229052 -061.14948733 19
111  13.16227180 -061.14943392
111  13.16205233 -061.14958026 19
111  13.16203153 -061.14952151
111  13.16182012 -061.14966510 19
111  13.16180015 -061.14960742
111  13.16158583 -061.14975376 19
111  13.16156786 -061.14969469
111  13.16135522 -061.14984251 19
111  13.16133525 -061.14978739
111  13.16110559 -061.14993864 19
111  13.16108812 -061.14987968
111  13.16085572 -061.15003163 19
111  13.16083774 -061.14997472
111  13.16061158 -061.15004393 19
111  13.16064154 -061.14996241
111  13.16049176 -061.14997625 19
111  13.16055017 -061.14993165
111  13.16042436 -061.14991627 19
111  13.16047528 -061.14986243
111  13.16036595 -061.14980706 19
111  13.16043484 -061.14977783
111  13.16029661 -061.14962612 19
111  13.16036778 -061.14959290
111  13.16023622 -061.14944893 19
111  13.16030739 -061.14942235
111  13.16016289 -061.14926730 19
111  13.16024485 -061.14924072
111  13.16015287 -061.14914643 19
111  13.16022476 -061.14914643
111  13.16016725 -061.14901907 19
111  13.16022836 -061.14903568
111  13.16021937 -061.14889355 19
115  13.16027149 -061.14893047
120 Linear Feature 248
111  13.16308231 -061.14959311 19
111  13.16299925 -061.14962204
111  13.16299275 -061.14949074 19
111  13.16297613 -061.14956195
111  13.16289668 -061.14950558 19
111  13.16291618 -061.14956344
111  13.16264749 -061.14960127 19
111  13.16266265 -061.14966580
111  13.16239412 -061.14969793 19
111  13.16241146 -061.14976113
111  13.16214623 -061.14979407 19
111  13.16216963 -061.14985282
111  13.16191570 -061.14988159 19
111  13.16193817 -061.14994037
111  13.16168623 -061.14997008 19
111  13.16170188 -061.15002510
111  13.16145347 -061.15005712 19
111  13.16146647 -061.15010875
111  13.16121771 -061.15014792 19
111  13.16123245 -061.15020489
111  13.16097806 -061.15024031 19
111  13.16099678 -061.15029585
111  13.16072805 -061.15033619 19
111  13.16075012 -061.15038874
111  13.16063866 -061.15041273 19
111  13.16070437 -061.15043230
111  13.16065772 -061.15053172 19
111  13.16072995 -061.15049669
111  13.16081222 -061.15057396 19
111  13.16079315 -061.15050803
111  13.16106299 -061.15047663 19
111  13.16103831 -061.15041419
111  13.16129131 -061.15038745 19
115  13.16127259 -061.15032848
120 Linear Feature 247
111  13.16453760 -061.14863415 19
115  13.16451593 -061.14857913
120 Linear Feature 246
111  13.16431089 -061.14872425 19
115  13.16428631 -061.14866861
120 Linear Feature 245
111  13.16409184 -061.14881150 19
115  13.16406760 -061.14875269
120 Linear Feature 244
111  13.16387332 -061.14889777 19
115  13.16384858 -061.14883552
120 Linear Feature 243
111  13.16362499 -061.14890765 19
115  13.16363138 -061.14885011
120 Linear Feature 242
111  13.16350497 -061.14886654 19
115  13.16353134 -061.14881089
120 Linear Feature 241
111  13.16328587 -061.14876026 19
115  13.16330677 -061.14871175
120 Linear Feature 240
111  13.16306113 -061.14865170 19
115  13.16308697 -061.14858880
120 Linear Feature 239
111  13.16283200 -061.14854039 19
115  13.16285847 -061.14848458
120 Linear Feature 238
111  13.16271665 -061.14844768 19
115  13.16277082 -061.14841652
120 Linear Feature 237
111  13.16261952 -061.14822488 19
115  13.16267489 -061.14822674
120 Linear Feature 236
111  13.16262277 -061.14809939 19
115  13.16268633 -061.14811497
120 Linear Feature 235
111  13.16266827 -061.14797997 19
115  13.16272606 -061.14800964
120 RSM Regional
111  13.16254637 -061.15127214 74
111  13.16284678 -061.15115625 74
111  13.16273037 -061.15085365 74
111  13.16261450 -061.15055246 74
111  13.16249949 -061.15025350 74
111  13.16285293 -061.15011714 74
111  13.16296799 -061.15041624 74
111  13.16308380 -061.15071728 74
111  13.16320022 -061.15101991 74
111  13.16341726 -061.15093829 74
111  13.16330100 -061.15063611 74
111  13.16318477 -061.15033399 74
111  13.16306883 -061.15003260 74
111  13.16342973 -061.14989336 74
111  13.16354640 -061.15019663 74
111  13.16366195 -061.15049700 74
111  13.16377815 -061.15079905 74
111  13.16341726 -061.15093829
111  13.16366195 -061.15049700 74
111  13.16330100 -061.15063611
111  13.16354640 -061.15019663 74
111  13.16318477 -061.15033399
111  13.16296817 -061.15041627 74
111  13.16261450 -061.15055246
111  13.16308380 -061.15071728 74
111  13.16273037 -061.15085365
111  13.16320022 -061.15101991 74
115  13.16284678 -061.15115626
120 RSM Cargo
111  13.15976125 -061.15206370 75
111  13.16008167 -061.15193931
111  13.16013862 -061.15191905 74
111  13.16025556 -061.15158543 74
111  13.16008756 -061.15114612 74
115  13.15913459 -061.15151156
120 RSM General
111  13.16018487 -061.15203345 75
111  13.16063181 -061.15185886 73
111  13.16037885 -061.15117569 74
111  13.16058370 -061.15109649 74
111  13.16083654 -061.15177871 75
111  13.16103846 -061.15169999 74
111  13.16078599 -061.15101839 74
111  13.16099164 -061.15093916 20
111  13.16122341 -061.15156515 75
111  13.16142509 -061.15148637 74
111  13.16117314 -061.15080484 74
115  13.16138121 -061.15072471
120 TEM Rw04
111  13.15020012 -061.15277412 53 102
111  13.14965467 -061.15343310 53 102
111  13.14872944 -061.15379443 53 102
115  13.14858520 -061.15340483
120 TEM Rw22
111  13.17165982 -061.14439359 53 102
111  13.17180410 -061.14478325 53 102
111  13.17087879 -061.14514429 53 102
115  13.17001943 -061.14503405
120 TAL RW04
111  13.15000520 -061.15263781 51
111  13.14904850 -061.15342022
112  13.14904850 -061.15342022  13.14892949 -061.15346654 51
112  13.14873996 -061.15327025  13.14869059 -061.15313691 51
112  13.14888609 -061.15295341  13.14900985 -061.15290525 51
115  13.14909900 -061.15297061
120 TAL RW22
111  13.17013309 -061.14477761 51
111  13.17130277 -061.14473335
112  13.17130277 -061.14473335  13.17140958 -061.14469094 51
112  13.17144974 -061.14441453  13.17139512 -061.14426660 51
112  13.17113930 -061.14426355  13.17103349 -061.14430558 51
115  13.17097837 -061.14442622
120 TL Gen Av
111  13.16099000 -061.15062233 51
111  13.16129249 -061.15144008
111  13.16087373 -061.15156777 51
111  13.16058071 -061.15078287
111  13.16017664 -061.15094135 51
115  13.16049860 -061.15181123
120 TEM 5
111  13.15945737 -061.15111633 3 102
111  13.16028788 -061.15078098 3 102
112  13.16036466 -061.15059646  13.16032597 -061.15050289 3 102
111  13.16020547 -061.15053262 3 102
111  13.15937855 -061.15087253 3 102
114  13.15927080 -061.15105787  13.15930315 -061.15115200 3 102
120 TEM 4
112  13.16079748 -061.15058120  13.16094669 -061.15052193
111  13.16079748 -061.15058120 3 102
111  13.16300741 -061.14972547
112  13.16300741 -061.14972547  13.16315117 -061.14966843 3 102
112  13.16291211 -061.14949631  13.16273786 -061.14955894
111  13.16291211 -061.14949631 3 102
111  13.16070704 -061.15034127
114  13.16070704 -061.15034127  13.16055675 -061.15039720 3 102
120 TEM 3
111  13.15906209 -061.15076651 3 102
111  13.15993155 -061.15040666
112  13.15993155 -061.15040666  13.16014747 -061.15029649 3 102
112  13.16014837 -061.14990371  13.16008826 -061.14972655
111  13.16014837 -061.14990371 3 102
111  13.15992446 -061.14934304 3 102
116  13.15945898 -061.14915415  13.15910134 -061.14928262
120 TEM 2
111  13.16015662 -061.14927557 3 102
111  13.16035602 -061.14980396
112  13.16035602 -061.14980396  13.16043835 -061.15001065 3 102
112  13.16083275 -061.15004312  13.16100003 -061.14996931
111  13.16083275 -061.15004312 3 102
111  13.16282657 -061.14928809
112  13.16282657 -061.14928809  13.16292368 -061.14925184 3 102
112  13.16283003 -061.14877592  13.16253419 -061.14857415
111  13.16283003 -061.14877592 3 102
111  13.16238605 -061.14858391
112  13.16238605 -061.14858391  13.16204076 -061.14841558 3 102
112  13.16102247 -061.14854630  13.16053947 -061.14876245
111  13.16102247 -061.14854630
111  13.16027983 -061.14883019
114  13.16027983 -061.14883019  13.16008604 -061.14893983 3 102
120 TEM 1
112  13.16278748 -061.14785585  13.16250204 -061.14804133 3 102
112  13.16283172 -061.14854148  13.16306111 -061.14865905
111  13.16283172 -061.14854148 3 102
111  13.16353057 -061.14888102
112  13.16353057 -061.14888102  13.16372029 -061.14895921 3 102
111  13.16388786 -061.14889461 3 102
111  13.16500487 -061.14845143 3 102
111  13.16523249 -061.14906252 3
115  13.16561953 -061.15010164
21  13.15199000 -061.15236000 2 17.8200 3.00 Papi 04
21  13.16634339 -061.14572705 2 197.8200 3.50 Papi 22
20  13.16286534 -061.14833208 89.2238 0 3 {@L}C{@R}22-04
20  13.16249546 -061.14887938 155.6500 0 3 {@R}22-04{@L}C{@@}C{safety}
20  13.16039110 -061.14927504 84.0815 0 3 {@L}B{@R}22-04{@@,safety,@L}B
20  13.15977442 -061.14953191 128.5364 0 3 {@R}22-04{@L}B{@@}B{safety}
20  13.16047862 -061.14888926 200.8200 0 3 {@Y}B{^r}
20  13.16113756 -061.14863965 20.8200 0 3 {@Y,^lu}C
20  13.15936116 -061.14932858 20.8200 0 3 {@Y,^l}B
20  13.16291716 -061.14795256 200.8200 0 3 {@Y}C{^rd}
20  13.16080531 -061.15044850 170.8200 0 3 {@Y,^l}B
20  13.16018612 -061.15068400 50.8200 0 3 {@Y}B{^r}
20  13.15949625 -061.15095666 200.8200 0 3 {@Y,^l}A
20  13.16082584 -061.14991668 200.8200 0 3 {@Y,^l}B{@L}A{@Y}CARGO{^u}|B{^r}
20  13.15981001 -061.15020357 20.8200 0 3 {@Y,^l}B{@L}A{@Y}B{^r}
20  13.16074203 -061.15045693 110.8200 0 3 {@Y,^l}A{@L}B{@Y}A{^r}
20  13.16054050 -061.14967665 312.8192 0 3 {@Y,^l}CARGO|{^l}A{@L}B{@Y}A{^r}
20  13.16024383 -061.15066337 290.8200 0 3 {@Y,^l}CARGO{@L}B{@Y}APRON{^u}
20  13.16360981 -061.14876213 153.0000 0 3 {@Y}C{^u}|A{^ru}
20  13.16267016 -061.14896463 312.1498 0 3 {@Y,^ld}A{@L}C{@Y}APRON{^u}
20  13.16258157 -061.14916592 55.1652 0 3 {@Y,^l}APRON{@L}A{@Y}C{^rd}
20  13.16890310 -061.14487366 200.8200 0 4 {@B}8{@@}1
20  13.16633941 -061.14587529 200.8200 0 4 {@B}7{@@}2
20  13.16377549 -061.14687636 200.8200 0 4 {@B}6{@@}3
20  13.16121159 -061.14787754 200.8200 0 4 {@B}5{@@}4
20  13.15864777 -061.14887887 200.8200 0 4 {@B}4{@@}5
20  13.15608385 -061.14987998 200.8200 0 4 {@B}3{@@}6
20  13.15351999 -061.15088138 200.8200 0 4 {@B}2{@@}7
20  13.15095622 -061.15188266 200.8200 0 4 {@B}1{@@}8
14  13.15793458 -061.15178214  65.62 0 Tower Viewpoint
1300  13.16306679 -061.15086873  20.82 tie_down jets|turboprops|props Stand 1
1301 B airline 
1300  13.16294643 -061.15057338  20.82 tie_down jets|turboprops|props Stand 2
1301 B general_aviation 
1300  13.16273424 -061.15032930  20.82 misc jets|turboprops|props Stand 3
1301 B none 
1300  13.16364131 -061.15066606  20.82 tie_down jets|turboprops|props Stand 4
1301 B airline lia bwa
1300  13.16352805 -061.15036854  20.82 tie_down jets|turboprops|props Stand 5
1301 B airline lia bwa
1300  13.16341988 -061.15008440  20.82 tie_down jets|turboprops|props Stand 6
1301 B airline lia bwa
1300  13.16425501 -061.15046927 291.90 gate heavy|jets Gate 7
1301 E airline 
1300  13.16488114 -061.15023585 290.78 gate heavy|jets Gate 8
1301 E airline 
1300  13.16535649 -061.14998593 291.70 misc jets|turboprops Gate 9
1301 C none 
1300  13.15979957 -061.15175699 288.28 gate heavy|jets Cargo 
1301 D cargo 
1300  13.15943486 -061.15202160 291.56 gate jets|turboprops Cargo 2
1301 C cargo 
1300  13.16088893 -061.15197746  29.49 tie_down props Hanger
1301 A general_aviation 
1300  13.16030103 -061.15218606  29.49 tie_down props Hanger
1301 A general_aviation 
1300  13.16095322 -061.15204990 106.93 tie_down props Hanger
1301 A general_aviation 
1300  13.16032514 -061.15230435  85.63 tie_down props Hanger
1301 A general_aviation 
1300  13.16100094 -061.15190013 113.75 tie_down turboprops Hanger
1301 A general_aviation 
1300  13.16048447 -061.15223481 113.75 tie_down turboprops Hanger
1301 A general_aviation 
1300  13.16119631 -061.15195202 113.75 tie_down turboprops Hanger
1301 A general_aviation 
1300  13.16063855 -061.15217781 113.75 tie_down turboprops Hanger
1301 A general_aviation 
1300  13.16061310 -061.15176655 200.82 tie_down turboprops Ramp GA 1
1301 A general_aviation 
1300  13.16055000 -061.15159603 200.82 tie_down props Ramp GA 2
1301 A general_aviation 
1300  13.16048698 -061.15142569 200.82 tie_down props Ramp GA 3
1301 A general_aviation 
1300  13.16042420 -061.15125553 200.82 tie_down props Ramp GA 4
1301 A general_aviation 
1300  13.16075956 -061.15161228  20.82 tie_down jets Ramp GA 5
1301 A general_aviation 
1300  13.16069653 -061.15144140  20.82 tie_down turboprops Ramp GA 6
1301 A general_aviation 
1300  13.16063336 -061.15127107  20.82 tie_down jets Ramp GA 7
1301 A general_aviation 
1300  13.16095703 -061.15143976 200.82 tie_down turboprops Ramp GA 8
1301 A general_aviation 
1300  13.16089389 -061.15126937 200.82 tie_down turboprops Ramp GA 9
1301 A general_aviation 
1300  13.16083076 -061.15109882 200.82 tie_down props Ramp GA 10
1301 A general_aviation 
1300  13.16116673 -061.15145453  20.82 tie_down jets Ramp GA 11
1301 A general_aviation 
1300  13.16110365 -061.15128441  20.82 tie_down turboprops Ramp GA 12
1301 A general_aviation 
1300  13.16104077 -061.15111403  20.82 tie_down props Ramp GA 13
1301 A general_aviation 
1300  13.16140679 -061.15139598 200.82 tie_down turboprops Ramp GA 14
1301 A general_aviation 
1300  13.16134378 -061.15122579 200.82 tie_down turboprops Ramp GA 15
1301 A general_aviation 
1300  13.16128071 -061.15105551 200.82 tie_down jets Ramp GA 16
1301 A general_aviation 
1300  13.16121775 -061.15088467 200.82 tie_down turboprops|props Ramp GA 17
1301 A general_aviation 
19  13.15033919 -061.15160440 0 Windsock Rw04
19  13.17012825 -061.14408167 0 Windsock Rw22
1050 132550 ATIS
1053 121900 ARGYLE GND
1054 118800 ARGYLE TWR
1056 120800 ARGYLE APP
1055 120800 ARGYLE APP
1000 CALM Wind ATC Flow
1001 TVSA 000 360 5
1002 TVSA 0
1003 TVSA 0.0
1101 04 right
1110 04 120800 arrivals|departures heavy|jets|turboprops|props|helos|fighters 000000 000000 Arr,Dep Rwy 04
1000 RWY 04 ATC Flow
1001 TVSA 310 129 50
1002 TVSA 0
1003 TVSA 0.0
1101 04 right
1110 04 120800 arrivals|departures heavy|jets|turboprops|props|helos|fighters 000000 050080 Arr,Dep Rwy 04
1000 RWY 22 ATC Flow
1001 TVSA 130 309 50
1002 TVSA 0
1003 TVSA 0.0
1101 22 left
1110 22 120800 arrivals|departures heavy|jets|turboprops|props|helos|fighters 000000 000000 Arr,Dep Rwy 22
1200 
1201  13.15991764 -061.15114292 both 0 Ground_stop
1201  13.15929276 -061.15138456 both 1 Ground_stop
1201  13.15934819 -061.15152206 both 2 Ground_stop
1201  13.15956580 -061.15174323 both 3 Ground_stop
1201  13.15969213 -061.15206971 both 4 Ground_stop
1201  13.15950184 -061.15214629 both 5 Ground_start
1201  13.16504738 -061.14837237 both 6 Ground_stop
1201  13.16459728 -061.15042687 both 7 Ground_stop
1201  13.16518070 -061.15007695 both 8 Ground_stop
1201  13.16416580 -061.15071036 both 9 Ground_stop
1201  13.16432868 -061.15064882 both 10 Ground_start
1201  13.16458411 -061.15055783 both 11 Ground_stop
1201  13.16479631 -061.15048073 both 12 Ground_stop
1201  13.16563498 -061.14998558 both 13 Ground_stop
1201  13.16548914 -061.15017407 both 14 Ground_stop
1201  13.16537761 -061.15027020 both 15 Ground_stop
1201  13.16517350 -061.15036923 both 16 Ground_stop
1201  13.16537113 -061.14928973 both 17 Ground_stop
1201  13.16369713 -061.14995412 both 18 Ground_stop
1201  13.16432566 -061.14971712 both 19 Ground_stop
1201  13.16493962 -061.14947944 both 20 Ground_stop
1201  13.16397780 -061.15068582 both 21 Ground_stop
1201  13.16143519 -061.15065752 both 22 Ground_stop
1201  13.15997933 -061.15131911 both 23 Ground_stop
1201  13.16023896 -061.15201817 both 24 Ground_stop
1201  13.16068024 -061.15314113 both 25 Ground_stop
1201  13.16108885 -061.15314790 both 26 Ground_stop
1201  13.16111428 -061.15268250 both 27 Ground_stop
1201  13.16097667 -061.15230194 both 28 Ground_stop
1201  13.16268056 -061.15162061 both 29 Ground_stop
1201  13.16253336 -061.15113098 both 30 Ground_start
1201  13.16256911 -061.15122737 both 31 Ground_start
1201  13.16173494 -061.15143619 both 32 Ground_start
1201  13.16268072 -061.15153200 both 33 Ground_start
1201  13.16511956 -061.14902425 both 34 Terminal_stop
1201  13.16425093 -061.14936924 both 35 Terminal_stop
1201  13.16323751 -061.15087076 both 36 Commuter_start
1201  13.16379648 -061.15060288 both 37 Commuter_start
1201  13.16267116 -061.15111903 both 38 Commuter_stop
1201  13.16336395 -061.14948801 both 39 Commuter_stop
1201  13.16312331 -061.14978671 both 40 Commuter_stop
1201  13.16051930 -061.15187324 both 41 GA_start
1201  13.16093416 -061.15172253 both 42 GA_start
1201  13.16132298 -061.15152526 both 43 GA_start
1201  13.16226523 -061.15012205 both 44 GA_stop
1201  13.16285756 -061.14989230 both 45 GA_stop
1201  13.15895040 -061.15093529 both 46 Cargo_stop
1201  13.15910037 -061.15133459 both 47 Cargo_stop
1201  13.15992021 -061.15104023 both 48 Cargo_start
1201  13.16017269 -061.15093545 both 49 Cargo_start
1201  13.15907684 -061.15088556 both 50 A_stop
1201  13.16337034 -061.14920227 both 51 C_stop
1201  13.16043322 -061.15032394 both 52 C_stop
1201  13.16322592 -061.14884574 both 53 C_stop
1201  13.16060275 -061.15077636 both 54 B_stop
1201  13.16099202 -061.15061970 both 55 B_stop
1201  13.16145057 -061.15043979 both 56 B_stop
1201  13.16009789 -061.14942907 both 57 B_start
1201  13.16261625 -061.14857133 both 58 C_start
1201  13.16221988 -061.14839256 both 59 C_start
1201  13.17125675 -061.14432740 both 60 22 Turnaround_stop
1201  13.14874356 -061.15327455 both 61 04 Turnaround_stop
1201  13.14904766 -061.15342073 both 62 04 Turnaround_stop
1201  13.17154950 -061.14421385 both 63 4/22_stop
1201  13.14853436 -061.15320137 both 64 4/22_start
1201  13.14877160 -061.15310844 both 65 4/22_start
1201  13.15003153 -061.15261695 both 66 4/22_start
1201  13.15985633 -061.14877787 both 67 4/22_start
1201  13.16158903 -061.14810091 both 68 4/22_start
1201  13.16213361 -061.14788865 both 69 4/22_start
1201  13.17010263 -061.14477571 both 70 4/22_start
1201  13.17129900 -061.14473272 both 71 4/22_start
1201  13.17146107 -061.14445622 both 72 4/22_start
1202 35 34 twoway taxiway_E Terminal
1202 53 35 twoway taxiway_E Terminal
1202 36 45 twoway taxiway_B Commuter
1202 37 39 oneway taxiway_B Commuter
1202 44 38 oneway taxiway_B Commuter
1202 39 51 twoway taxiway_C Commuter
1202 40 39 twoway taxiway_C Commuter
1202 44 45 twoway taxiway_C Commuter
1202 45 40 twoway taxiway_C Commuter
1202 41 49 twoway taxiway_B GA
1202 42 54 twoway taxiway_B GA
1202 43 55 twoway taxiway_B GA
1202 54 55 twoway taxiway_C GA
1202 55 56 twoway taxiway_C GA
1202 56 44 twoway taxiway_C Apron
1202 48 49 twoway taxiway_C GA
1202 49 54 twoway taxiway_C GA
1202 46 50 twoway taxiway_D Cargo
1202 47 46 twoway taxiway_D Cargo
1202 48 47 twoway taxiway_D Cargo
1202 51 52 twoway taxiway_E A
1202 52 50 twoway taxiway_E A
1202 53 51 twoway taxiway_E C
1202 58 53 twoway taxiway_E C
1202 57 52 twoway taxiway_E B
1202 52 54 twoway taxiway_C B
1202 57 67 twoway taxiway_E B
1204 departure 04,22
1204 arrival 04,22
1204 ils 04,22
1202 69 59 oneway taxiway_E C
1204 departure 04,22
1204 arrival 04,22
1204 ils 04,22
1202 58 59 twoway taxiway_E C
1204 departure 04,22
1204 arrival 04,22
1204 ils 04,22
1202 59 68 twoway taxiway_E C
1204 departure 04,22
1204 arrival 04,22
1204 ils 04,22
1202 70 71 oneway taxiway_E 22 Turnaround
1204 departure 04,22
1204 arrival 04,22
1204 ils 04,22
1202 71 72 oneway taxiway_E 22 Turnaround
1204 departure 04,22
1204 arrival 04,22
1204 ils 04,22
1202 72 60 oneway taxiway_E 22 Turnaround
1204 departure 04,22
1204 arrival 04,22
1204 ils 04,22
1202 61 65 oneway taxiway_E 04 Turnaround
1204 departure 04,22
1204 arrival 04,22
1204 ils 04,22
1202 62 61 oneway taxiway_E 04 Turnaround
1204 departure 04,22
1204 arrival 04,22
1204 ils 04,22
1202 66 62 oneway taxiway_E 04 Turnaround
1204 departure 04,22
1204 arrival 04,22
1204 ils 04,22
1202 64 65 twoway runway 04/22
1204 departure 04,22
1204 arrival 04,22
1204 ils 04,22
1202 65 66 twoway runway 04/22
1204 departure 04,22
1204 arrival 04,22
1204 ils 04,22
1202 66 67 twoway runway 04/22
1204 departure 04,22
1204 arrival 04,22
1204 ils 04,22
1202 67 68 twoway runway 04/22
1204 departure 04,22
1204 arrival 04,22
1204 ils 04,22
1202 68 69 twoway runway 04/22
1204 departure 04,22
1204 arrival 04,22
1204 ils 04,22
1202 69 70 twoway runway 04/22
1204 departure 04,22
1204 arrival 04,22
1204 ils 04,22
1202 70 60 twoway runway 04/22
1204 departure 04,22
1204 arrival 04,22
1204 ils 04,22
1202 60 63 twoway runway 04/22
1204 departure 04,22
1204 arrival 04,22
1204 ils 04,22
1206 0 23 twoway  Ground
1206 1 0 twoway  Ground
1206 2 1 twoway  Ground
1206 3 2 twoway  Ground
1206 4 3 twoway  Ground
1206 5 4 twoway  Ground
1206 17 6 twoway  Ground
1206 19 7 twoway  Ground
1206 8 16 twoway  Ground
1206 20 8 twoway  Ground
1206 9 21 oneway  Ground
1206 10 9 oneway  Ground
1206 12 11 oneway  Ground
1206 13 14 twoway  Ground
1206 14 15 twoway  Ground
1206 15 16 twoway  Ground
1206 16 12 twoway  Ground
1206 17 13 twoway  Ground
1206 18 19 twoway  Ground
1206 19 20 twoway  Ground
1206 20 17 twoway  Ground
1206 21 18 twoway  Ground
1206 31 21 twoway  Ground
1206 32 22 twoway  Ground
1206 24 23 twoway  Ground
1206 30 32 twoway  Ground
1206 32 24 twoway  Ground
1206 26 25 twoway  Ground
1206 27 26 twoway  Ground
1206 28 27 twoway  Ground
1206 29 28 twoway  Ground
1206 30 31 twoway  Ground
1206 31 33 twoway  Ground
1206 33 29 twoway  Ground
1400  13.16283110 -61.15125778  113.39 baggage_train 1 New Service Truck 376
1400  13.16243672 -61.15151810  115.35 baggage_train 0 New Service Truck 380
1400  13.16299021 -61.15120904  109.80 baggage_train 0 New Service Truck 379
1400  13.16511897 -61.15019429  268.57 baggage_train 2 New Service Truck 378
1400  13.16453133 -61.15049313  199.80 baggage_train 4 New Service Truck 377
1400  13.16289156 -61.15122913  111.80 baggage_train 1 New Service Truck 375
1400  13.15998083 -61.15206960  111.80 baggage_train 0 New Service Truck 374
1400  13.15943643 -61.15225233  112.01 baggage_train 3 New Service Truck 373
1400  13.16247518 -61.15141260  110.77 food 0 New Service Truck 372
1400  13.16253143 -61.15139610  111.80 food 0 New Service Truck 371
1400  13.16272091 -61.15133966  113.36 pushback 0 New Service Truck 370
1400  13.16512425 -61.15045553  112.89 fuel_liners 0 New Service Truck 369
1400  13.16493129 -61.15052524  19.65 crew_car 0 New Service Truck 364
1400  13.16128027 -61.15174369  113.96 crew_car 0 New Service Truck 363
1400  13.15933940 -61.15220141  22.04 crew_car 0 New Service Truck 362
1400  13.15976665 -61.15214501  110.38 baggage_loader 0 New Service Truck 361
1400  13.16303850 -61.15120380  111.50 baggage_loader 0 New Service Truck 360
1400  13.16307725 -61.15118549  112.07 baggage_loader 0 New Service Truck 359
1400  13.16552325 -61.14948629  290.70 baggage_loader 0 New Service Truck 358
1400  13.16548325 -61.14997439  131.42 baggage_loader 0 New Service Truck 357
1400  13.16506737 -61.15010673  201.04 baggage_loader 0 New Service Truck 356
1400  13.16507380 -61.15017606  203.20 baggage_loader 0 New Service Truck 355
1400  13.16442509 -61.15027823  242.85 baggage_loader 0 New Service Truck 354
1400  13.16446639 -61.15039744  198.89 baggage_loader 0 New Service Truck 353
1400  13.16071827 -61.15298389  265.91 fuel_jets 0 New Service Truck 351
1400  13.16081700 -61.15256578  6.32 fuel_liners 0 New Service Truck 350
1400  13.16076570 -61.15298103  266.91 fuel_props 0 New Service Truck 349
1400  13.15985387 -61.15191481  109.33 pushback 0 New Service Truck 348
1400  13.16430030 -61.15059326  111.65 pushback 0 New Service Truck 348
1400  13.16492805 -61.15035543  111.65 pushback 0 New Service Truck 348
1400  13.16541356 -61.15013669  111.65 pushback 0 New Service Truck 348
1401  13.16527013 -61.14864420  294.23 crew_car New Service Truck Destination 368
1401  13.16182116 -61.15159768  199.98 crew_car New Service Truck Destination 367
1401  13.16165439 -61.15068997  20.92 crew_car New Service Truck Destination 366
1401  13.16004616 -61.15178095  292.44 crew_car New Service Truck Destination 365
1401  13.16440281 -61.15062849  200.17 baggage_train New Service Truck Destination 352
99
