I
1130 Generated by WorldEditor 2.0.0r4

1     14 1 0 TVSB Bequia/J F Mitchell
1302 city Bequia
1302 country Saint Vincent and the Grenadines
1302 datum_lat 12.986944444
1302 datum_lon -61.264444444
1302 faa_code 
1302 iata_code BQU
1302 icao_code TVSB
1302 region_code TV
1302 state Grenadines
1302 transition_alt 4200
1302 transition_level 
100 29.87 1 0 0.00 1 1 1 12  12.98970583 -061.26711408    0    0 1 10 0 1 30  12.98734783 -061.25726708    0    0 1 0 0 1
110 1 0.00 0.0000 Parking Road
111  12.99029541 -061.25994762
112  12.99005199 -061.26021815  12.98987516 -061.26044362
111  12.99005199 -061.26021815
112  12.99005199 -061.26021815  12.98988952 -061.26044177
112  12.99001290 -061.26078086  12.99004476 -061.26089870
111  12.99001290 -061.26078086
112  12.99001290 -061.26078086  12.99002538 -061.26082385
111  12.99016987 -061.26141329
111  12.99016630 -061.26149761
111  12.99024489 -061.26195220
111  12.99023239 -061.26226014
112  12.99016339 -061.26361484  12.99017186 -061.26366724
111  12.99016339 -061.26361484
112  12.99016339 -061.26361484  12.99014892 -061.26370925
111  12.99011450 -061.26404185
111  12.99008855 -061.26446711
111  12.99007642 -061.26470273
111  12.99002520 -061.26498036
112  12.98995554 -061.26540562  12.98995554 -061.26545272
111  12.98995554 -061.26540562
112  12.98995554 -061.26540562  12.98993197 -061.26551000
111  12.98998292 -061.26568057
111  12.99011593 -061.26625864
111  12.99034179 -061.26716905
111  12.99063720 -061.26814663
111  12.99058783 -061.26815528
111  12.99032219 -061.26728355
111  12.99019144 -061.26677763
111  12.99009691 -061.26636246
112  12.98991241 -061.26559165  12.98989753 -061.26550891
111  12.98991241 -061.26559165
112  12.98991241 -061.26559165  12.98989753 -061.26550000
111  12.98990333 -061.26542057
111  12.98992655 -061.26526110
111  12.98995513 -061.26509246
111  12.99000693 -061.26484500
111  12.99003630 -061.26458838
111  12.99004607 -061.26434367
111  12.99005337 -061.26417045
111  12.99006944 -061.26402380
111  12.99009643 -061.26377162
111  12.99011767 -061.26353439
111  12.99013553 -061.26313295
111  12.99018214 -061.26223077
111  12.99018835 -061.26196345
111  12.99015610 -061.26176487
111  12.99012824 -061.26163868
112  12.99011340 -061.26156765  12.99010931 -061.26153957
111  12.99011340 -061.26156765
112  12.99011340 -061.26156765  12.99010550 -061.26155733
111  12.99008899 -061.26154481
112  12.99008756 -061.26151800  12.99008727 -061.26151623
111  12.99008756 -061.26151800
112  12.99008756 -061.26151800  12.99008756 -061.26151297
112  12.99006681 -061.26147432  12.99004753 -061.26146596
111  12.99006681 -061.26147432
112  12.99006681 -061.26147432  12.99005473 -061.26146852
112  12.99003428 -061.26144327  12.99002404 -061.26142702
111  12.99003428 -061.26144327
112  12.99003428 -061.26144327  12.99002148 -061.26142296
112  12.99000956 -061.26139452  12.99000790 -061.26138969
111  12.99000956 -061.26139452
112  12.99000956 -061.26139452  12.99000657 -061.26138582
111  12.99000558 -061.26136024
112  12.99000731 -061.26131923  12.99000582 -061.26130695
112  12.98999517 -061.26130818  12.98999128 -061.26130793
111  12.98999517 -061.26130818
112  12.98999517 -061.26130818  12.98998976 -061.26130756
112  12.98994974 -061.26130274  12.98990529 -061.26129606
112  12.98984100 -061.26123750  12.98979656 -061.26119083
111  12.98984100 -061.26123750
112  12.98984100 -061.26123750  12.98981939 -061.26120691
112  12.98979635 -061.26116295  12.98978825 -061.26114666
111  12.98979635 -061.26116295
112  12.98979635 -061.26116295  12.98979160 -061.26115341
111  12.98978921 -061.26114778
111  12.98978589 -061.26113373
111  12.98974383 -061.26095438
111  12.98968378 -061.26070331
112  12.98969526 -061.26058886  12.98971781 -061.26051901
111  12.98969526 -061.26058886
112  12.98969526 -061.26058886  12.98972104 -061.26050059
112  12.98979541 -061.26047419  12.98981591 -061.26046358
111  12.98979541 -061.26047419
112  12.98979541 -061.26047419  12.98984089 -061.26045297
111  12.98985950 -061.26040417
112  12.98988947 -061.26029916  12.98990006 -061.26027043
111  12.98988947 -061.26029916
112  12.98988947 -061.26029916  12.98990450 -061.26025409
111  12.98997733 -061.26016126
111  12.99013031 -061.25998517
113  12.99027873 -061.25976954
110 1 0.00 13.0000 Apron
111  12.98838727 -061.26103936
111  12.98836753 -061.26095926
112  12.98854275 -061.26111559  12.98863480 -061.26109430
111  12.98854275 -061.26111559
111  12.98864600 -061.26108870
111  12.98863937 -061.26105849
111  12.98875009 -061.26102672
112  12.98878004 -061.26089380  12.98876178 -061.26080998
111  12.98878004 -061.26089380
111  12.98872899 -061.26066247
111  12.98933815 -061.26051331
111  12.98941008 -061.26081236
111  12.98948460 -061.26079449
111  12.98949389 -061.26083334
111  12.98941932 -061.26085278
111  12.98943589 -061.26092054
111  12.98946596 -061.26091388
111  12.98947276 -061.26094434
111  12.98944337 -061.26095218
111  12.98944868 -061.26097499
111  12.98947417 -061.26108461
111  12.98947978 -061.26110875
111  12.98955355 -061.26109091
111  12.98957138 -061.26117884
111  12.98978589 -061.26113373
111  12.98978921 -061.26114778
111  12.98979635 -061.26116295
111  12.98950575 -061.26122715
111  12.98956275 -061.26146698
111  12.98961653 -061.26149942
111  12.99002208 -061.26139182
111  12.99003513 -061.26144384
111  12.98972699 -061.26152408
111  12.98962694 -061.26155039
111  12.98966669 -061.26174129
111  12.98959626 -061.26175729
111  12.98953565 -061.26152515
111  12.98952487 -061.26148388
111  12.98949993 -061.26149017
111  12.98893704 -061.26163548
111  12.98888340 -061.26140023
112  12.98877513 -061.26127964  12.98869184 -061.26128630
111  12.98877513 -061.26127964
111  12.98869230 -061.26130370
111  12.98868568 -061.26127964
111  12.98860053 -061.26130799
112  12.98860053 -061.26130799  12.98850070 -061.26134610
111  12.98850398 -061.26152122
113  12.98849179 -061.26147134
110 1 0.00 103.0000 Pad
111  12.98747814 -061.25723422
111  12.98754966 -061.25721540
111  12.98761884 -061.25750373
113  12.98758494 -061.25768333
110 1 0.00 103.0000 Pad
111  12.98716366 -061.25731543
111  12.98721792 -061.25729983
111  12.98731064 -061.25768153
113  12.98723909 -061.25761320
110 1 0.00 103.0000 Pad
111  12.98945654 -061.26690189
111  12.98948663 -061.26676434
111  12.98957804 -061.26714637
113  12.98951715 -061.26716030
110 1 0.00 103.0000 Pad
111  12.98974468 -061.26669855
111  12.98982144 -061.26677862
111  12.98989766 -061.26706718
113  12.98983564 -061.26708132
110 2 0.00 13.0000 H Pad
111  12.98952487 -061.26148388
111  12.98959626 -061.26175729
111  12.98966669 -061.26174129
111  12.98962694 -061.26155039
111  12.98972699 -061.26152408
111  12.98978506 -061.26175836
111  12.98969127 -061.26178415
111  12.98969804 -061.26181826
111  12.98982307 -061.26178741
111  12.98987127 -061.26199482
111  12.98963842 -061.26205069
113  12.98949993 -061.26149017
110 2 0.00 103.0000 H Pad
111  12.98978589 -061.26113373
111  12.98957138 -061.26117884
111  12.98955355 -061.26109091
111  12.98954855 -061.26106646
111  12.98947417 -061.26108461
111  12.98944868 -061.26097499
111  12.98952376 -061.26095550
111  12.98949389 -061.26083334
111  12.98948460 -061.26079449
111  12.98947423 -061.26075315
111  12.98968378 -061.26070331
113  12.98974383 -061.26095438
110 4 0.00 0.0000 Dirt
112  12.99057647 -061.26534523  12.99066660 -061.26534523
112  12.99080808 -061.26544343  12.99082336 -061.26549831
111  12.99077521 -061.26566877
111  12.99073912 -061.26587367
111  12.99069158 -061.26606211
111  12.99063732 -061.26642546
112  12.99069405 -061.26651986  12.99070945 -061.26655598
111  12.99074902 -061.26677594
111  12.99071049 -061.26736736
112  12.99053825 -061.26756892  12.99045686 -061.26756892
111  12.99042644 -061.26749185
111  12.99030032 -061.26706441
111  12.99022112 -061.26671374
111  12.99009390 -061.26621368
111  12.99000738 -061.26581710
114  12.99007887 -061.26564590  12.99012623 -061.26558162
130 Airport Boundary
111  12.99029383 -061.26762474
111  12.98951616 -061.26785205
111  12.98681752 -061.25661383
111  12.98756621 -061.25639750
111  12.98824152 -061.25699935
111  12.98854272 -061.25823296
111  12.98813011 -061.25833614
111  12.98859081 -061.26039530
111  12.98966411 -061.26011267
111  12.99016229 -061.26216488
113  12.98905130 -061.26246517
120 RH
111  12.98862903 -061.26110594 4
115  12.98867011 -061.26127054
120 TL
111  12.98905244 -061.26109404 1
111  12.98865542 -061.26119442
111  12.98864874 -061.26119621 1
115  12.98851248 -061.26123071
120 TL
111  12.98846746 -061.26192352 1
111  12.98836931 -061.26151346 1
112  12.98851248 -061.26123071  12.98867740 -061.26116111
111  12.98851248 -061.26123071
112  12.98851248 -061.26123071  12.98833676 -061.26123862 1
111  12.98826894 -061.26109277 1
115  12.98817080 -061.26068271
120 WL
111  12.98953565 -061.26152515 20
115  12.98961653 -061.26149942
120 TB
111  12.98943468 -061.26145965 3
111  12.98895209 -061.26158968 3
111  12.98891361 -061.26140011 3 102
112  12.98882529 -061.26125521  12.98876051 -061.26122392
111  12.98882529 -061.26125521
112  12.98882529 -061.26125521  12.98878394 -061.26123223 3 102
111  12.98858225 -061.26129455
112  12.98858225 -061.26129455  12.98848796 -061.26132534 3 102
111  12.98849179 -061.26147134
111  12.98838727 -061.26103936 3 102
112  12.98855458 -061.26112729  12.98866172 -061.26110744
111  12.98855458 -061.26112729 3 102
111  12.98874911 -061.26107147 3 102
112  12.98880181 -061.26088906  12.98876505 -061.26074999
111  12.98880181 -061.26088906 3
111  12.98875849 -061.26068377 3
115  12.98931192 -061.26054995
21  12.98979005 -061.26620435 2 103.8100 3.00 12  PAPI-4L
14  12.98949111 -061.26102304  32.81 0 Tower Viewpoint
1300  12.98911355 -061.26069830 -77.43 tie_down props|helos Ramp
1301 A general_aviation 
1300  12.98926172 -061.26139093 104.00 tie_down props|helos Ramp
1301 A general_aviation 
18  12.98971687 -061.26138837 1 BCN
19  12.98976198 -061.26575018 1 WS
1053 121900 GND
1054 118450 TWR
1200 
1201  12.98912265 -061.26074365 both 0 _stop
1201  12.98925282 -061.26135364 both 1 _stop
1201  12.98918538 -061.26105911 both 2 _stop
1201  12.98739818 -061.25746706 both 3 _stop
1201  12.98747017 -061.25744286 both 4 _stop
1201  12.98751552 -061.25761353 both 5 _stop
1201  12.98966516 -061.26691597 both 6 _stop
1201  12.98972873 -061.26689789 both 7 _stop
1201  12.98969069 -061.26674351 both 8 _stop
1201  12.98834621 -061.26118191 both 9 _stop
1201  12.98843153 -061.26122311 both 10 _stop
1201  12.98866207 -061.26119278 both 11 _stop
1201  12.98851593 -061.26122995 both 12 _stop
1201  12.98842681 -061.26129552 both 13 _stop
1201  12.98838290 -061.26138244 both 14 _stop
1201  12.98744480 -061.25764553 both 15 _stop
1201  12.98963281 -061.26679198 both 16 _start
1201  12.98961554 -061.26671445 both 17 unnamed entity(split)
1201  12.98837037 -061.26150959 both 18 unnamed entity(split)
1201  12.98827157 -061.26109596 both 19 unnamed entity(split)
1201  12.98746842 -061.25772254 both 20 unnamed entity(split)
1202 2 0 twoway taxiway_A 
1202 2 1 twoway taxiway_A 
1202 11 2 twoway taxiway_A 
1202 3 15 twoway taxiway_A 
1204 departure 12,30
1204 arrival 12,30
1202 4 3 twoway taxiway_A 
1204 departure 12,30
1204 arrival 12,30
1202 5 4 twoway taxiway_A 
1204 departure 12,30
1204 arrival 12,30
1202 20 5 twoway taxiway_A 
1204 departure 12,30
1204 arrival 12,30
1202 6 16 twoway taxiway_A 
1204 departure 12,30
1204 arrival 12,30
1202 7 6 twoway taxiway_A 
1204 departure 12,30
1204 arrival 12,30
1202 8 7 twoway taxiway_A 
1204 departure 12,30
1204 arrival 12,30
1202 17 8 twoway taxiway_A 
1204 departure 12,30
1204 arrival 12,30
1202 9 19 twoway taxiway_A 
1204 departure 12,30
1204 arrival 12,30
1202 10 9 twoway taxiway_A 
1204 departure 12,30
1204 arrival 12,30
1202 12 10 twoway taxiway_A 
1204 departure 12,30
1204 arrival 12,30
1202 12 11 twoway taxiway_A 
1204 departure 12,30
1204 arrival 12,30
1202 13 12 twoway taxiway_A 
1204 departure 12,30
1204 arrival 12,30
1202 14 13 twoway taxiway_A 
1204 departure 12,30
1204 arrival 12,30
1202 18 14 twoway taxiway_A 
1204 departure 12,30
1204 arrival 12,30
1202 16 17 twoway runway 12/30
1204 departure 12,30
1204 arrival 12,30
1204 ils 12,30
1202 17 18 twoway runway 12/30
1204 departure 12,30
1204 arrival 12,30
1204 ils 12,30
1202 18 19 twoway runway 12/30
1204 departure 12,30
1204 arrival 12,30
1204 ils 12,30
1202 19 20 twoway runway 12/30
1204 departure 12,30
1204 arrival 12,30
1204 ils 12,30
1202 20 15 twoway runway 12/30
1204 departure 12,30
1204 arrival 12,30
1204 ils 12,30
99
