I
1130 Generated by WorldEditor 2.1.0r1

1      6 0 0 XTF0002 [X] Terre-de-Bas
1302 gui_label 2D
100 20.00 4 0 0.00 0 0 0 07  15.84140295 -061.63327116    0    0 0 0 0 0 25  15.84245865 -061.62946726    0    0 0 0 0 0
102 H1  15.84267155 -061.63001608 353.20 22.00 22.00 2 0 0 0.00 1
110 2 0.00 0.0000 New Taxiway 4
111  15.84303006 -061.62998467
111  15.84296894 -061.62996410
111  15.84299784 -061.62987128
113  15.84305896 -061.62989185
110 2 0.00 0.0000 New Taxiway 3
112  15.84134696 -061.63439127  15.84133226 -061.63439911
112  15.84131573 -061.63437031  15.84131655 -061.63435316
114  15.84134881 -061.63435268  15.84136269 -061.63436200
110 2 0.00 0.0000 New Taxiway 3
112  15.84113200 -061.63392312  15.84111730 -061.63393095
112  15.84110077 -061.63390216  15.84110160 -061.63388500
114  15.84113385 -061.63388453  15.84114773 -061.63389384
110 2 0.00 0.0000 New Taxiway 3
112  15.84160221 -061.63336715  15.84158751 -061.63337498
112  15.84157099 -061.63334619  15.84157181 -061.63332903
114  15.84160407 -061.63332856  15.84161794 -061.63333787
110 2 0.00 0.0000 New Taxiway 3
112  15.84210542 -061.63223815  15.84209072 -061.63224598
112  15.84207419 -061.63221719  15.84207502 -061.63220003
114  15.84210727 -061.63219956  15.84212115 -061.63220887
110 2 0.00 0.0000 New Taxiway 3
112  15.84304791 -061.62926686  15.84303321 -061.62927469
112  15.84301669 -061.62924589  15.84301751 -061.62922874
114  15.84304976 -061.62922827  15.84306364 -061.62923758
110 2 0.00 0.0000 New Taxiway 3
112  15.84253753 -061.62988573  15.84252283 -061.62989356
112  15.84250630 -061.62986476  15.84250712 -061.62984761
114  15.84253938 -061.62984714  15.84255326 -061.62985645
110 2 0.00 0.0000 New Taxiway 3
112  15.84278149 -061.63071030  15.84276679 -061.63071813
112  15.84275027 -061.63068933  15.84275109 -061.63067218
114  15.84278334 -061.63067170  15.84279722 -061.63068102
110 1 0.00 0.0000 New Taxiway 5
111  15.84301126 -061.62998998
112  15.84296064 -061.62999135  15.84293302 -061.62998588
112  15.84283045 -061.62997358  15.84280941 -061.62997221
112  15.84279232 -061.62997085  15.84278969 -061.62997085
111  15.84276602 -061.62997290
111  15.84276208 -061.62994556
112  15.84286333 -061.62995650  15.84290278 -061.62995650
112  15.84296064 -061.62997016  15.84297378 -061.62997153
111  15.84298562 -061.62997153
113  15.84301586 -061.62997700
110 2 0.00 0.0000 New Taxiway 2
112  15.84302156 -061.63001888  15.84299702 -061.63001321
111  15.84300793 -061.62999054
111  15.84303792 -061.62990551
112  15.84308428 -061.62990551  15.84309654 -061.62990551
112  15.84316744 -061.62969860  15.84320698 -061.62960223
112  15.84332290 -061.62935314  15.84338016 -061.62923835
112  15.84344833 -061.62908104  15.84349469 -061.62896908
111  15.84358698 -061.62882854
111  15.84360434 -061.62883920
112  15.84351160 -061.62900476  15.84347070 -061.62908809
112  15.84329401 -061.62946223  15.84321058 -061.62963399
113  15.84307546 -061.63002489
110 4 0.00 0.0000 New Taxiway 6
111  15.84308874 -061.63004412
112  15.84298273 -061.63027676  15.84294739 -061.63035268
112  15.84279662 -061.63049226  15.84273536 -061.63051185
112  15.84262935 -061.63058532  15.84261521 -061.63059267
112  15.84258930 -061.63070287  15.84256338 -061.63076899
112  15.84253040 -061.63081796  15.84250920 -061.63084245
112  15.84244088 -061.63088898  15.84241968 -061.63090612
112  15.84236785 -061.63098204  15.84233958 -061.63104571
112  15.84205305 -061.63182184  15.84200357 -061.63196143
112  15.84190227 -061.63213775  15.84186929 -061.63219897
112  15.84175856 -061.63231162  15.84173971 -061.63235080
111  15.84167375 -061.63245855
111  15.84180803 -061.63205204
112  15.84198944 -061.63179246  15.84205776 -061.63169695
112  15.84215435 -061.63141043  15.84218969 -061.63125126
112  15.84226978 -061.63104800  15.84233575 -061.63092556
112  15.84242527 -061.63075413  15.84247475 -061.63064149
112  15.84249830 -061.63060230  15.84252893 -061.63058271
112  15.84260668 -061.63049945  15.84260668 -061.63048231
112  15.84268221 -061.63030406  15.84271331 -061.63023354
112  15.84281509 -061.63014538  15.84283770 -061.63012187
112  15.84293948 -061.63005722  15.84295361 -061.63004840
112  15.84298471 -061.62995437  15.84299884 -061.62986033
112  15.84299884 -061.62971927  15.84300450 -061.62966638
112  15.84301581 -061.62957234  15.84302994 -061.62952238
112  15.84303842 -061.62939602  15.84303842 -061.62933725
112  15.84301298 -061.62928729  15.84299884 -061.62927554
112  15.84294513 -061.62919619  15.84290272 -061.62916093
112  15.84281509 -061.62913154  15.84275289 -061.62915505
112  15.84265112 -061.62924615  15.84262567 -061.62926966
112  15.84258044 -061.62933137  15.84254369 -061.62936076
112  15.84247019 -061.62939896  15.84245040 -061.62941953
112  15.84242495 -061.62949594  15.84242213 -061.62954002
112  15.84232883 -061.62973984  15.84231470 -061.62973984
112  15.84225533 -061.62967519  15.84225533 -061.62960173
112  15.84233166 -061.62930492  15.84238820 -061.62921676
112  15.84248715 -061.62905808  15.84254086 -061.62898167
112  15.84267373 -061.62887882  15.84271897 -061.62885237
112  15.84282074 -061.62880829  15.84289424 -061.62878772
112  15.84299036 -061.62879066  15.84302711 -061.62881711
112  15.84310345 -061.62889057  15.84314868 -061.62894347
112  15.84323914 -061.62904926  15.84325328 -061.62913154
112  15.84318260 -061.62931962  15.84316847 -061.62940190
112  15.84312889 -061.62950181  15.84310627 -061.62959879
112  15.84310345 -061.62967226  15.84311193 -061.62970458
111  15.84312889 -061.62973984
112  15.84314020 -061.62981331  15.84314020 -061.62981625
114  15.84310747 -061.62996796  15.84310085 -061.62999454
130 Airport Boundary 1
111  15.84158995 -061.63449453
111  15.84144294 -061.63453567
111  15.84138075 -061.63456506
111  15.84136379 -061.63467379
111  15.84138923 -061.63472668
111  15.84136096 -061.63477664
111  15.84136096 -061.63484717
111  15.84136379 -061.63501467
111  15.84129311 -061.63508520
111  15.84121961 -061.63508813
111  15.84100475 -061.63486480
111  15.84083796 -061.63470611
111  15.84069095 -061.63462089
111  15.84057787 -061.63454449
111  15.84052133 -061.63447984
111  15.84044500 -061.63431233
111  15.84037715 -061.63418303
111  15.84032909 -061.63411544
111  15.84031778 -061.63403610
111  15.84039411 -061.63392443
111  15.84047327 -061.63387448
111  15.84060331 -061.63381571
111  15.84068247 -061.63376281
111  15.84072770 -061.63367171
111  15.84079272 -061.63359237
111  15.84091146 -061.63344838
111  15.84108108 -061.63326030
111  15.84122526 -061.63309868
111  15.84134400 -061.63295762
111  15.84145708 -061.63268727
111  15.84148463 -061.63248149
111  15.84152986 -061.63237276
111  15.84154117 -061.63217294
111  15.84155248 -061.63199368
111  15.84160336 -061.63183499
111  15.84161467 -061.63167337
111  15.84159205 -061.63159109
111  15.84159771 -061.63152056
111  15.84164860 -061.63148823
111  15.84168817 -061.63137363
111  15.84173058 -061.63131192
111  15.84179843 -061.63124139
111  15.84180691 -061.63112090
111  15.84189183 -061.63090300
111  15.84195629 -061.63079721
111  15.84199022 -061.63063500
111  15.84201057 -061.63038815
111  15.84203092 -061.63022594
111  15.84205806 -061.63006373
111  15.84207163 -061.62987330
111  15.84212591 -061.62970404
111  15.84218359 -061.62953477
111  15.84227925 -061.62925523
111  15.84242852 -061.62900133
111  15.84255743 -061.62879680
111  15.84270670 -061.62873685
111  15.84283222 -061.62867337
111  15.84296453 -061.62863106
111  15.84309684 -061.62856406
111  15.84317147 -061.62849705
111  15.84325628 -061.62846179
111  15.84341573 -061.62841595
111  15.84350393 -061.62844769
111  15.84349375 -061.62860637
111  15.84347340 -061.62872627
111  15.84354125 -061.62881090
111  15.84361928 -061.62885675
111  15.84338519 -061.62933280
111  15.84322914 -061.62968544
111  15.84312058 -061.63000987
111  15.84331735 -061.63012271
111  15.84316808 -061.63058819
111  15.84296792 -061.63101841
111  15.84286414 -061.63105072
111  15.84265381 -061.63099783
111  15.84248758 -061.63092377
111  15.84242651 -061.63094141
111  15.84229760 -061.63133989
111  15.84217208 -061.63193232
111  15.84212109 -061.63238698
111  15.84190614 -061.63332133
111  15.84177424 -061.63359046
111  15.84172539 -061.63404239
113  15.84166677 -061.63423536
14  15.84299690 -061.62998465   6.56 0 Tower Viewpoint
99
